
TIME STEP:
125 = 10ms

VOLTAGE STEP:
CH1:  32 = 0.5V
CH2:  32 = 1V
GND	62	128
N	CH1	CH2

0	74	124
1	74	123
2	74	124
3	74	123
4	74	123
5	74	124
6	74	123
7	74	123
8	74	123
9	74	123
10	75	123
11	74	123
12	73	124
13	73	123
14	74	123
15	74	123
16	74	124
17	74	124
18	75	124
19	75	124
20	74	123
21	74	124
22	75	124
23	75	123
24	75	124
25	75	123
26	75	123
27	74	123
28	74	123
29	75	123
30	73	122
31	75	124
32	74	124
33	74	123
34	74	123
35	74	124
36	74	123
37	74	123
38	74	123
39	75	124
40	75	124
41	74	123
42	75	124
43	74	123
44	74	123
45	74	123
46	74	123
47	75	124
48	75	124
49	74	123
50	75	123
51	74	123
52	74	123
53	74	124
54	74	124
55	74	123
56	74	123
57	74	124
58	75	124
59	74	124
60	75	123
61	74	123
62	75	124
63	76	123
64	74	124
65	74	124
66	75	124
67	74	123
68	75	123
69	74	123
70	74	123
71	74	123
72	74	123
73	75	124
74	74	123
75	75	124
76	75	123
77	74	123
78	74	123
79	74	124
80	73	123
81	75	124
82	73	123
83	74	124
84	75	124
85	73	123
86	74	123
87	75	124
88	75	124
89	75	123
90	75	123
91	74	123
92	74	124
93	74	123
94	75	124
95	75	123
96	75	124
97	74	123
98	74	123
99	74	123
100	75	122
101	75	124
102	74	124
103	74	123
104	74	123
105	74	124
106	74	123
107	74	123
108	74	123
109	74	123
110	74	123
111	75	123
112	75	123
113	74	124
114	75	123
115	73	123
116	74	123
117	74	124
118	74	123
119	74	123
120	75	123
121	75	123
122	74	123
123	75	123
124	75	123
125	75	123
126	75	123
127	75	123
128	74	124
129	75	124
130	73	123
131	74	124
132	74	123
133	75	124
134	74	123
135	74	124
136	75	124
137	75	123
138	74	123
139	75	124
140	74	124
141	74	124
142	74	124
143	74	124
144	74	123
145	74	124
146	75	123
147	75	123
148	74	123
149	75	123
150	74	124
151	74	123
152	74	124
153	75	124
154	74	124
155	74	123
156	74	123
157	74	123
158	74	123
159	74	123
160	74	123
161	75	123
162	73	123
163	74	123
164	74	123
165	74	123
166	74	123
167	75	124
168	75	124
169	74	123
170	75	124
171	75	124
172	75	124
173	75	124
174	74	123
175	73	124
176	74	124
177	75	123
178	75	123
179	74	124
180	75	124
181	74	124
182	74	123
183	73	124
184	75	123
185	75	124
186	74	124
187	75	124
188	74	124
189	75	123
190	73	124
191	75	124
192	75	124
193	75	123
194	74	123
195	74	124
196	74	123
197	75	123
198	75	123
199	75	123
200	74	123
201	75	123
202	75	124
203	75	124
204	75	124
205	74	124
206	74	123
207	74	123
208	75	124
209	74	124
210	74	124
211	74	123
212	74	123
213	74	124
214	74	124
215	74	123
216	74	123
217	75	123
218	74	124
219	75	124
220	74	123
221	75	124
222	73	124
223	74	123
224	75	124
225	75	123
226	74	124
227	74	123
228	75	123
229	74	124
230	73	123
231	74	124
232	75	124
233	75	124
234	74	123
235	75	123
236	75	123
237	74	123
238	74	124
239	75	123
240	74	123
241	73	123
242	74	123
243	75	124
244	74	123
245	74	123
246	74	123
247	73	123
248	74	123
249	74	123
250	74	123
251	74	123
252	74	123
253	74	123
254	73	123
255	75	123
256	74	123
257	75	124
258	75	123
259	74	123
260	74	124
261	74	124
262	74	123
263	74	123
264	73	123
265	74	123
266	75	123
267	75	123
268	75	123
269	75	123
270	74	124
271	75	123
272	74	124
273	74	124
274	74	123
275	75	124
276	74	123
277	74	123
278	74	123
279	75	124
280	74	124
281	74	124
282	74	123
283	75	124
284	74	123
285	74	123
286	75	123
287	74	124
288	74	123
289	75	123
290	75	124
291	74	124
292	74	124
293	75	123
294	74	124
295	74	123
296	74	123
297	75	123
298	75	123
299	73	123
300	74	123
301	74	123
302	75	124
303	73	123
304	75	123
305	75	124
306	75	123
307	74	124
308	75	124
309	75	124
310	74	124
311	74	124
312	74	123
313	75	123
314	73	124
315	75	123
316	74	123
317	75	123
318	75	124
319	75	123
320	74	123
321	74	123
322	75	123
323	74	123
324	75	123
325	74	123
326	74	123
327	75	123
328	75	124
329	74	123
330	75	124
331	75	123
332	74	123
333	74	123
334	74	123
335	74	124
336	75	123
337	75	123
338	74	124
339	74	124
340	74	124
341	74	123
342	74	124
343	73	124
344	75	123
345	75	123
346	75	123
347	74	124
348	74	124
349	74	123
350	74	123
351	74	123
352	74	123
353	75	123
354	74	124
355	74	123
356	75	124
357	74	123
358	74	123
359	75	123
360	75	124
361	75	124
362	74	124
363	74	124
364	75	123
365	74	123
366	74	124
367	75	124
368	75	123
369	75	123
370	74	123
371	74	123
372	74	124
373	75	124
374	73	124
375	74	123
376	74	124
377	75	124
378	74	124
379	75	123
380	75	124
381	74	124
382	74	123
383	75	123
384	74	124
385	74	123
386	75	124
387	75	123
388	74	123
389	75	123
390	74	124
391	74	123
392	74	123
393	74	123
394	74	124
395	74	123
396	74	123
397	74	124
398	75	123
399	74	123
400	74	123
401	75	123
402	74	123
403	75	123
404	75	123
405	74	124
406	74	123
407	74	123
408	73	123
409	74	124
410	74	123
411	75	123
412	74	124
413	75	123
414	73	124
415	74	123
416	74	123
417	73	123
418	74	124
419	75	124
420	74	124
421	74	123
422	74	123
423	74	124
424	74	123
425	76	124
426	74	123
427	74	123
428	74	123
429	74	123
430	75	124
431	75	124
432	75	123
433	75	123
434	75	124
435	75	124
436	74	123
437	74	123
438	75	123
439	75	123
440	73	123
441	74	123
442	75	124
443	75	123
444	74	123
445	74	123
446	74	123
447	74	124
448	74	123
449	75	123
450	74	123
451	74	123
452	74	123
453	74	123
454	74	123
455	75	123
456	74	124
457	73	123
458	74	124
459	74	123
460	75	124
461	74	124
462	74	123
463	74	123
464	75	123
465	73	123
466	74	123
467	75	124
468	74	124
469	74	124
470	74	123
471	74	124
472	75	124
473	74	123
474	74	123
475	75	123
476	75	123
477	74	123
478	74	123
479	75	123
480	75	123
481	75	123
482	75	123
483	72	124
484	74	124
485	74	123
486	74	123
487	74	124
488	75	124
489	74	123
490	75	123
491	74	123
492	74	123
493	74	123
494	75	123
495	74	123
496	74	123
497	74	123
498	75	124
499	75	123
500	74	124
501	75	124
502	74	124
503	74	124
504	74	123
505	75	124
506	74	123
507	75	123
508	74	123
509	75	124
510	75	124
511	74	123
512	74	124
513	75	124
514	75	123
515	74	123
516	74	124
517	74	123
518	74	124
519	74	124
520	75	123
521	74	123
522	74	123
523	74	124
524	74	123
525	74	123
526	74	124
527	74	123
528	74	124
529	74	123
530	73	123
531	75	124
532	74	123
533	73	123
534	74	124
535	74	124
536	75	124
537	74	123
538	75	124
539	75	124
540	74	123
541	74	124
542	75	124
543	74	123
544	75	123
545	74	124
546	75	124
547	75	123
548	74	123
549	75	123
550	73	123
551	73	123
552	74	123
553	75	123
554	74	124
555	73	123
556	74	124
557	75	124
558	74	123
559	74	123
560	74	124
561	75	124
562	75	123
563	74	123
564	74	123
565	74	123
566	75	123
567	74	124
568	75	123
569	75	124
570	75	124
571	74	124
572	74	124
573	74	123
574	75	124
575	75	124
576	75	124
577	74	124
578	75	124
579	74	123
580	75	124
581	74	124
582	75	123
583	74	124
584	74	124
585	74	123
586	75	123
587	75	124
588	75	124
589	74	124
590	75	124
591	75	123
592	74	123
593	75	123
594	74	124
595	74	124
596	75	124
597	74	123
598	75	124
599	74	123
600	74	124
601	74	123
602	75	124
603	75	124
604	73	123
605	74	124
606	74	123
607	75	124
608	75	123
609	74	124
610	74	124
611	76	124
612	74	123
613	74	124
614	74	124
615	74	123
616	75	124
617	74	123
618	74	123
619	75	123
620	74	124
621	74	123
622	74	123
623	74	124
624	74	124
625	75	124
626	74	123
627	75	123
628	74	123
629	74	123
630	75	124
631	75	123
632	74	123
633	74	123
634	74	123
635	75	123
636	75	123
637	73	123
638	75	123
639	74	124
640	75	123
641	74	123
642	74	123
643	74	123
644	74	124
645	73	124
646	74	123
647	74	124
648	74	123
649	75	124
650	75	124
651	75	123
652	74	123
653	74	124
654	73	123
655	74	123
656	75	124
657	75	123
658	74	123
659	75	123
660	74	124
661	75	123
662	75	123
663	73	123
664	74	124
665	74	124
666	74	123
667	74	123
668	75	123
669	74	123
670	73	123
671	75	123
672	75	123
673	75	123
674	75	124
675	73	123
676	74	123
677	75	123
678	74	124
679	74	123
680	74	123
681	74	124
682	74	123
683	75	124
684	75	123
685	74	124
686	73	124
687	74	124
688	75	123
689	74	124
690	74	124
691	74	123
692	75	123
693	75	124
694	74	124
695	74	123
696	73	123
697	75	124
698	74	123
699	73	124
700	75	123
701	74	124
702	74	123
703	75	123
704	74	124
705	74	124
706	74	123
707	75	123
708	74	123
709	75	123
710	72	124
711	74	124
712	74	123
713	75	123
714	75	124
715	73	123
716	75	123
717	75	123
718	74	123
719	75	124
720	74	123
721	75	123
722	75	123
723	74	124
724	75	124
725	72	123
726	75	123
727	74	123
728	74	123
729	74	123
730	74	124
731	74	123
732	75	123
733	74	123
734	75	124
735	74	124
736	74	124
737	75	124
738	75	124
739	74	124
740	75	123
741	75	124
742	75	124
743	75	123
744	74	123
745	74	124
746	75	124
747	74	123
748	75	124
749	75	123
750	75	124
751	74	124
752	75	123
753	74	124
754	75	123
755	74	123
756	74	123
757	75	123
758	74	124
759	74	123
760	74	123
761	74	124
762	74	123
763	75	123
764	74	123
765	74	123
766	74	123
767	75	123
768	74	123
769	75	123
770	74	123
771	74	124
772	74	123
773	74	124
774	74	124
775	74	123
776	75	124
777	74	123
778	75	123
779	75	124
780	75	124
781	75	123
782	74	124
783	75	124
784	74	123
785	76	124
786	75	124
787	75	123
788	75	123
789	74	123
790	75	123
791	74	123
792	74	123
793	75	123
794	75	124
795	75	123
796	74	123
797	75	123
798	75	123
799	74	123
800	75	123
801	76	123
802	75	124
803	74	123
804	74	124
805	75	123
806	75	124
807	74	123
808	75	123
809	75	123
810	74	123
811	75	124
812	74	123
813	75	124
814	74	124
815	75	124
816	74	123
817	74	124
818	74	124
819	75	124
820	75	124
821	74	123
822	74	124
823	73	124
824	74	124
825	75	124
826	74	123
827	75	124
828	75	123
829	74	123
830	75	124
831	75	124
832	74	123
833	74	123
834	75	123
835	75	124
836	75	124
837	74	123
838	75	123
839	75	123
840	74	123
841	75	123
842	75	123
843	74	123
844	75	123
845	74	123
846	76	123
847	75	124
848	74	124
849	75	124
850	74	123
851	75	123
852	75	124
853	75	123
854	74	123
855	74	123
856	75	124
857	74	124
858	75	124
859	75	124
860	75	123
861	75	123
862	74	123
863	75	123
864	74	124
865	75	124
866	75	123
867	75	124
868	74	124
869	75	123
870	74	123
871	75	124
872	75	124
873	75	123
874	75	124
875	75	123
876	75	124
877	75	123
878	76	124
879	75	124
880	75	123
881	75	123
882	76	124
883	75	123
884	75	124
885	75	123
886	75	123
887	75	123
888	75	123
889	75	123
890	75	123
891	75	123
892	75	124
893	74	123
894	75	124
895	75	123
896	75	123
897	75	124
898	76	123
899	75	123
900	75	124
901	75	124
902	75	124
903	75	124
904	75	124
905	75	124
906	78	124
907	76	124
908	75	124
909	75	124
910	76	123
911	75	123
912	76	124
913	76	124
914	76	124
915	75	123
916	76	123
917	76	124
918	76	123
919	75	123
920	77	124
921	76	123
922	75	123
923	76	124
924	75	123
925	75	124
926	76	123
927	76	124
928	76	124
929	76	124
930	76	123
931	76	124
932	77	123
933	75	123
934	70	125
935	77	123
936	76	123
937	77	124
938	77	124
939	77	124
940	76	124
941	77	123
942	77	123
943	77	124
944	77	124
945	78	124
946	76	124
947	78	124
948	77	124
949	78	124
950	77	124
951	77	124
952	77	124
953	77	124
954	78	124
955	78	124
956	78	123
957	78	123
958	78	123
959	78	123
960	78	123
961	78	123
962	78	124
963	79	123
964	78	123
965	78	123
966	78	123
967	79	123
968	79	124
969	78	123
970	79	123
971	79	124
972	78	124
973	79	123
974	79	123
975	80	124
976	80	123
977	80	123
978	80	124
979	81	123
980	80	124
981	81	123
982	81	124
983	81	124
984	81	123
985	81	124
986	81	123
987	82	124
988	82	124
989	82	124
990	82	123
991	84	124
992	82	123
993	82	123
994	83	124
995	83	123
996	83	123
997	83	123
998	83	123
999	84	124
1000	84	124
1001	84	124
1002	84	124
1003	85	123
1004	85	124
1005	86	123
1006	85	123
1007	86	122
1008	87	124
1009	87	123
1010	86	123
1011	87	123
1012	87	124
1013	88	123
1014	87	122
1015	88	124
1016	88	124
1017	90	123
1018	89	124
1019	90	124
1020	90	124
1021	89	123
1022	91	124
1023	91	124
1024	91	123
1025	91	123
1026	91	124
1027	94	123
1028	93	124
1029	93	123
1030	94	124
1031	94	123
1032	95	123
1033	95	124
1034	96	123
1035	97	123
1036	98	124
1037	99	124
1038	98	123
1039	97	123
1040	98	123
1041	101	124
1042	100	123
1043	100	123
1044	100	123
1045	101	124
1046	103	124
1047	103	123
1048	103	124
1049	103	123
1050	106	124
1051	106	123
1052	106	123
1053	107	123
1054	106	123
1055	109	123
1056	109	123
1057	109	123
1058	109	123
1059	112	122
1060	113	124
1061	112	124
1062	113	123
1063	113	124
1064	113	123
1065	115	123
1066	116	123
1067	116	124
1068	116	123
1069	120	123
1070	119	124
1071	119	124
1072	119	124
1073	120	124
1074	124	123
1075	124	124
1076	124	123
1077	125	124
1078	123	123
1079	128	124
1080	128	123
1081	128	123
1082	130	123
1083	133	124
1084	132	124
1085	132	124
1086	132	124
1087	132	124
1088	137	123
1089	134	124
1090	136	124
1091	136	123
1092	136	123
1093	141	124
1094	141	124
1095	141	123
1096	141	124
1097	141	124
1098	145	123
1099	145	123
1100	145	124
1101	145	123
1102	149	124
1103	149	123
1104	149	123
1105	151	125
1106	150	124
1107	153	124
1108	154	124
1109	154	124
1110	153	124
1111	154	123
1112	159	124
1113	158	124
1114	158	124
1115	157	123
1116	162	124
1117	161	123
1118	161	123
1119	162	124
1120	161	124
1121	166	123
1122	165	123
1123	165	123
1124	165	123
1125	165	123
1126	168	124
1127	169	124
1128	169	124
1129	170	123
1130	168	124
1131	171	123
1132	171	123
1133	171	124
1134	170	124
1135	173	123
1136	174	123
1137	174	124
1138	174	124
1139	173	123
1140	175	124
1141	175	124
1142	176	124
1143	175	123
1144	175	124
1145	177	124
1146	175	124
1147	176	123
1148	177	124
1149	177	123
1150	177	124
1151	177	123
1152	177	124
1153	177	123
1154	177	123
1155	177	124
1156	177	124
1157	177	123
1158	177	123
1159	176	123
1160	177	123
1161	177	123
1162	177	123
1163	177	123
1164	177	123
1165	177	123
1166	177	124
1167	177	124
1168	175	124
1169	175	123
1170	176	123
1171	176	123
1172	176	123
1173	174	124
1174	174	123
1175	174	123
1176	174	123
1177	174	124
1178	173	124
1179	173	123
1180	173	124
1181	173	123
1182	173	123
1183	171	123
1184	171	124
1185	171	123
1186	171	124
1187	169	123
1188	169	123
1189	169	123
1190	169	124
1191	169	124
1192	167	124
1193	167	124
1194	167	124
1195	167	124
1196	167	124
1197	164	123
1198	164	123
1199	164	123
1200	165	124
1201	161	123
1202	161	124
1203	162	124
1204	161	124
1205	161	123
1206	159	124
1207	158	123
1208	158	123
1209	158	123
1210	159	123
1211	155	123
1212	155	123
1213	156	124
1214	155	123
1215	156	123
1216	152	123
1217	153	124
1218	153	123
1219	152	123
1220	150	123
1221	149	124
1222	150	124
1223	150	123
1224	151	124
1225	148	123
1226	148	124
1227	147	124
1228	147	124
1229	148	123
1230	145	123
1231	146	123
1232	145	124
1233	144	124
1234	143	123
1235	143	124
1236	143	123
1237	143	123
1238	142	123
1239	141	123
1240	141	124
1241	141	124
1242	142	124
1243	141	123
1244	139	123
1245	139	123
1246	140	124
1247	139	123
1248	139	123
1249	138	123
1250	139	124
1251	136	124
1252	138	123
1253	136	123
1254	136	124
1255	136	123
1256	136	123
1257	139	124
1258	135	124
1259	135	123
1260	136	123
1261	136	124
1262	135	124
1263	135	123
1264	135	123
1265	135	124
1266	136	124
1267	135	123
1268	135	123
1269	134	121
1270	135	123
1271	135	123
1272	136	123
1273	136	123
1274	135	123
1275	135	123
1276	136	124
1277	135	124
1278	135	123
1279	136	124
1280	136	123
1281	135	123
1282	135	124
1283	137	124
1284	136	124
1285	136	124
1286	138	123
1287	138	124
1288	139	124
1289	138	123
1290	138	123
1291	139	123
1292	139	123
1293	138	123
1294	139	124
1295	139	124
1296	140	123
1297	140	124
1298	140	124
1299	139	123
1300	142	124
1301	142	124
1302	141	124
1303	142	123
1304	141	123
1305	143	124
1306	143	123
1307	143	124
1308	143	123
1309	144	124
1310	145	124
1311	145	124
1312	145	124
1313	145	124
1314	145	123
1315	146	123
1316	147	124
1317	147	123
1318	146	123
1319	147	123
1320	148	124
1321	148	124
1322	151	124
1323	148	123
1324	151	123
1325	150	124
1326	149	123
1327	151	123
1328	151	124
1329	152	123
1330	152	123
1331	152	123
1332	152	124
1333	152	123
1334	154	124
1335	154	124
1336	154	123
1337	153	123
1338	155	124
1339	155	124
1340	155	124
1341	155	124
1342	155	124
1343	157	124
1344	157	124
1345	156	123
1346	156	124
1347	156	123
1348	158	123
1349	157	124
1350	158	124
1351	155	124
1352	159	123
1353	158	124
1354	158	124
1355	159	123
1356	158	123
1357	159	124
1358	160	124
1359	160	124
1360	159	124
1361	159	124
1362	160	123
1363	160	123
1364	160	124
1365	160	124
1366	159	123
1367	160	124
1368	160	123
1369	160	124
1370	161	124
1371	160	123
1372	161	124
1373	160	123
1374	160	123
1375	160	123
1376	160	124
1377	160	123
1378	161	124
1379	161	123
1380	161	123
1381	159	124
1382	160	123
1383	160	124
1384	160	123
1385	159	123
1386	160	124
1387	160	124
1388	159	123
1389	160	124
1390	160	123
1391	160	123
1392	158	123
1393	159	124
1394	159	123
1395	159	124
1396	158	123
1397	158	123
1398	159	124
1399	158	124
1400	158	123
1401	158	123
1402	157	124
1403	158	124
1404	157	124
1405	158	123
1406	157	123
1407	157	123
1408	157	123
1409	155	123
1410	154	123
1411	156	123
1412	156	124
1413	155	123
1414	155	123
1415	155	123
1416	162	125
1417	155	124
1418	154	123
1419	154	124
1420	154	124
1421	154	123
1422	155	123
1423	154	124
1424	154	124
1425	153	123
1426	154	124
1427	154	124
1428	151	123
1429	152	124
1430	152	124
1431	152	124
1432	152	123
1433	151	124
1434	151	124
1435	151	123
1436	152	123
1437	150	123
1438	151	124
1439	150	123
1440	150	123
1441	151	124
1442	150	124
1443	150	124
1444	149	124
1445	148	124
1446	149	123
1447	149	124
1448	149	123
1449	149	124
1450	148	124
1451	147	123
1452	148	123
1453	147	124
1454	148	124
1455	147	124
1456	147	124
1457	148	124
1458	147	123
1459	147	123
1460	147	124
1461	146	123
1462	146	124
1463	146	124
1464	147	124
1465	146	124
1466	146	124
1467	146	123
1468	146	124
1469	146	124
1470	145	124
1471	147	124
1472	146	123
1473	146	123
1474	146	123
1475	146	124
1476	146	124
1477	145	123
1478	146	123
1479	146	123
1480	146	123
1481	146	124
1482	145	124
1483	146	124
1484	146	123
1485	147	124
1486	145	123
1487	146	124
1488	146	124
1489	146	124
1490	146	123
1491	146	123
1492	146	124
1493	146	124
1494	146	123
1495	146	124
1496	146	124
1497	146	124
1498	146	123
1499	146	123
1500	146	123
1501	146	124
1502	146	123
1503	146	124
1504	147	123
1505	146	123
1506	146	124
1507	146	124
1508	147	123
1509	146	124
1510	147	123
1511	147	124
1512	147	123
1513	148	124
1514	148	124
1515	148	124
1516	146	123
1517	148	124
1518	148	123
1519	148	124
1520	147	123
1521	148	124
1522	149	124
1523	149	123
1524	149	123
1525	149	124
1526	148	123
1527	149	123
1528	149	123
1529	149	123
1530	151	123
1531	149	123
1532	151	124
1533	150	124
1534	150	123
1535	150	123
1536	151	124
1537	151	123
1538	151	124
1539	151	123
1540	151	124
1541	151	123
1542	151	124
1543	151	124
1544	151	124
1545	151	124
1546	151	123
1547	152	124
1548	151	123
1549	152	124
1550	152	124
1551	152	123
1552	153	124
1553	152	124
1554	152	123
1555	153	123
1556	153	124
1557	153	123
1558	152	124
1559	154	124
1560	154	124
1561	153	124
1562	153	124
1563	154	123
1564	154	123
1565	153	124
1566	153	123
1567	154	123
1568	153	124
1569	153	123
1570	155	124
1571	154	123
1572	154	124
1573	154	123
1574	154	123
1575	154	123
1576	153	123
1577	154	124
1578	154	124
1579	154	123
1580	154	124
1581	154	124
1582	154	124
1583	154	123
1584	155	123
1585	155	124
1586	154	123
1587	155	124
1588	154	124
1589	154	124
1590	154	123
1591	154	124
1592	155	124
1593	154	124
1594	155	124
1595	155	123
1596	154	123
1597	154	124
1598	155	124
1599	155	123
1600	154	123
1601	155	123
1602	153	123
1603	153	123
1604	154	123
1605	153	124
1606	154	123
1607	154	123
1608	154	124
1609	154	124
1610	154	123
1611	153	123
1612	153	123
1613	154	124
1614	153	123
1615	155	124
1616	153	123
1617	152	124
1618	153	123
1619	152	123
1620	152	124
1621	152	123
1622	152	124
1623	153	123
1624	153	123
1625	152	123
1626	152	123
1627	153	124
1628	152	123
1629	153	123
1630	152	123
1631	152	124
1632	152	123
1633	152	123
1634	151	123
1635	151	124
1636	151	124
1637	151	123
1638	152	124
1639	152	124
1640	150	123
1641	151	124
1642	152	124
1643	151	124
1644	152	123
1645	151	123
1646	152	123
1647	151	123
1648	151	123
1649	151	124
1650	151	123
1651	151	123
1652	151	123
1653	151	123
1654	151	124
1655	150	124
1656	150	124
1657	150	124
1658	150	124
1659	150	124
1660	149	124
1661	151	124
1662	150	124
1663	150	123
1664	149	124
1665	151	124
1666	150	123
1667	149	124
1668	149	124
1669	149	124
1670	150	124
1671	150	124
1672	150	124
1673	149	124
1674	150	124
1675	149	124
1676	149	123
1677	149	123
1678	149	124
1679	149	123
1680	149	123
1681	149	124
1682	149	124
1683	149	124
1684	150	124
1685	149	124
1686	155	122
1687	149	123
1688	149	123
1689	149	123
1690	148	124
1691	148	123
1692	149	124
1693	150	124
1694	150	124
1695	149	124
1696	150	123
1697	149	123
1698	151	124
1699	152	123
1700	149	124
1701	149	124
1702	149	123
1703	149	124
1704	149	124
1705	150	123
1706	149	124
1707	149	123
1708	149	123
1709	149	124
1710	149	123
1711	150	123
1712	150	124
1713	149	123
1714	149	123
1715	149	124
1716	150	124
1717	149	123
1718	149	124
1719	151	123
1720	150	123
1721	151	123
1722	151	123
1723	151	123
1724	151	123
1725	150	124
1726	150	124
1727	150	123
1728	149	123
1729	149	123
1730	151	124
1731	151	124
1732	150	124
1733	151	123
1734	151	124
1735	151	123
1736	151	123
1737	151	123
1738	151	123
1739	151	123
1740	151	123
1741	151	124
1742	151	124
1743	151	124
1744	151	124
1745	151	124
1746	151	123
1747	151	124
1748	151	124
1749	152	124
1750	151	123
1751	150	124
1752	151	123
1753	151	124
1754	151	123
1755	151	124
1756	151	124
1757	151	124
1758	151	124
1759	151	124
1760	151	124
1761	151	123
1762	151	123
1763	152	124
1764	152	123
1765	152	123
1766	151	123
1767	152	124
1768	153	123
1769	152	123
1770	152	123
1771	152	123
1772	153	123
1773	151	123
1774	151	123
1775	152	124
1776	152	123
1777	152	123
1778	151	124
1779	152	123
1780	151	123
1781	152	124
1782	152	123
1783	151	123
1784	152	124
1785	151	124
1786	152	123
1787	152	124
1788	151	124
1789	152	124
1790	152	123
1791	152	123
1792	151	123
1793	152	123
1794	152	124
1795	152	124
1796	151	124
1797	152	123
1798	151	123
1799	152	123
1800	151	123
1801	152	123
1802	151	123
1803	152	123
1804	152	124
1805	152	124
1806	151	123
1807	152	123
1808	152	123
1809	152	124
1810	152	124
1811	151	124
1812	151	123
1813	151	123
1814	152	124
1815	152	124
1816	150	123
1817	151	123
1818	152	123
1819	152	124
1820	152	123
1821	151	124
1822	151	123
1823	152	124
1824	152	123
1825	151	123
1826	152	124
1827	151	123
1828	151	123
1829	151	124
1830	151	124
1831	151	124
1832	152	123
1833	151	124
1834	151	124
1835	151	123
1836	151	124
1837	151	124
1838	148	122
1839	151	124
1840	151	124
1841	151	123
1842	151	124
1843	151	124
1844	151	124
1845	151	124
1846	151	124
1847	151	124
1848	151	124
1849	151	123
1850	151	124
1851	151	124
1852	151	124
1853	151	124
1854	151	124
1855	151	124
1856	151	124
1857	151	124
1858	151	123
1859	151	124
1860	150	123
1861	151	123
1862	151	124
1863	151	124
1864	151	124
1865	151	124
1866	150	124
1867	151	123
1868	151	123
1869	151	123
1870	151	124
1871	151	124
1872	151	124
1873	151	124
1874	151	124
1875	151	124
1876	150	123
1877	151	124
1878	151	124
1879	151	123
1880	151	124
1881	150	123
1882	151	124
1883	150	123
1884	151	124
1885	151	124
1886	151	124
1887	150	123
1888	151	124
1889	151	124
1890	150	123
1891	150	123
1892	151	123
1893	151	123
1894	151	123
1895	151	124
1896	151	124
1897	151	124
1898	151	123
1899	151	124
1900	151	124
1901	149	123
1902	151	124
1903	151	124
1904	151	124
1905	151	124
1906	151	124
1907	151	123
1908	151	124
1909	151	124
1910	150	123
1911	151	123
1912	151	123
1913	150	123
1914	144	123
1915	150	124
1916	151	123
1917	151	124
1918	151	123
1919	150	123
1920	151	123
1921	151	124
1922	151	123
1923	151	123
1924	151	123
1925	151	123
1926	151	123
1927	151	123
1928	151	123
1929	151	123
1930	151	123
1931	151	123
1932	151	123
1933	151	123
1934	151	123
1935	151	124
1936	151	124
1937	151	123
1938	150	123
1939	151	124
1940	152	124
1941	150	123
1942	151	123
1943	151	123
1944	151	124
1945	151	123
1946	151	123
1947	151	124
1948	151	124
1949	149	121
1950	151	124
1951	151	123
1952	151	123
1953	151	123
1954	151	124
1955	151	124
1956	151	123
1957	151	123
1958	151	123
1959	151	124
1960	151	124
1961	151	123
1962	152	124
1963	151	124
1964	152	123
1965	151	124
1966	151	124
1967	152	123
1968	151	123
1969	151	124
1970	151	124
1971	151	123
1972	151	124
1973	152	123
1974	151	124
1975	151	123
1976	150	124
1977	151	123
1978	151	123
1979	152	124
1980	151	124
1981	151	123
1982	151	124
1983	151	124
1984	151	123
1985	151	124
1986	151	124
1987	151	124
1988	151	124
1989	151	123
1990	152	124
1991	151	123
1992	151	124
1993	151	123
1994	151	124
1995	151	123
1996	152	123
1997	151	123
1998	151	124
1999	151	123
2000	151	123
2001	152	124
2002	151	124
2003	151	123
2004	151	124
2005	151	123
2006	151	124
2007	155	124
2008	152	123
2009	151	124
2010	151	124
2011	152	123
2012	151	123
2013	151	123
2014	151	123
2015	151	123
2016	151	124
2017	151	124
2018	151	123
2019	151	123
2020	150	124
2021	151	123
2022	151	123
2023	151	124
2024	151	124
2025	151	123
2026	151	123
2027	151	124
2028	151	123
2029	151	124
2030	151	124
2031	151	124
2032	151	123
2033	151	124
2034	151	123
2035	151	124
2036	151	124
2037	151	124
2038	151	124
2039	151	123
2040	151	124
2041	151	124
2042	151	124
2043	151	124
2044	151	123
2045	152	123
2046	151	124
2047	151	123
2048	151	123
2049	152	124
2050	151	124
2051	151	123
2052	151	124
2053	151	124
2054	151	124
2055	151	123
2056	151	124
2057	151	123
2058	151	123
2059	150	124
2060	151	124
2061	151	124
2062	151	124
2063	151	123
2064	151	123
2065	151	123
2066	151	124
2067	149	124
2068	151	124
2069	151	124
2070	151	123
2071	150	124
2072	151	123
2073	151	123
2074	151	124
2075	150	123
2076	151	123
2077	151	123
2078	151	124
2079	151	123
2080	151	123
2081	151	123
2082	151	123
2083	151	124
2084	151	124
2085	151	123
2086	151	123
2087	151	123
2088	151	123
2089	151	124
2090	151	124
2091	151	123
2092	151	123
2093	151	123
2094	151	124
2095	151	123
2096	151	124
2097	151	124
2098	151	124
2099	151	123
2100	151	124
2101	151	123
2102	151	123
2103	151	124
2104	151	124
2105	152	124
2106	152	124
2107	151	123
2108	151	124
2109	151	124
2110	151	124
2111	151	123
2112	151	124
2113	151	124
2114	151	124
2115	151	123
2116	151	123
2117	151	123
2118	151	124
2119	151	123
2120	151	124
2121	151	123
2122	151	124
2123	151	124
2124	151	124
2125	151	123
2126	151	123
2127	151	123
2128	151	123
2129	151	124
2130	151	124
2131	151	124
2132	151	123
2133	151	123
2134	151	123
2135	150	124
2136	150	124
2137	151	123
2138	151	124
2139	151	123
2140	151	123
2141	151	124
2142	151	124
2143	151	123
2144	151	124
2145	151	124
2146	151	123
2147	151	123
2148	151	124
2149	151	124
2150	151	124
2151	151	124
2152	151	124
2153	151	123
2154	150	123
2155	151	123
2156	151	124
2157	151	123
2158	151	123
2159	151	124
2160	151	124
2161	151	123
2162	151	123
2163	151	123
2164	152	124
2165	151	124
2166	151	124
2167	151	124
2168	151	123
2169	151	123
2170	151	124
2171	151	123
2172	151	123
2173	151	124
2174	152	124
2175	151	124
2176	146	124
2177	152	123
2178	151	124
2179	151	124
2180	150	123
2181	151	124
2182	151	124
2183	152	124
2184	151	124
2185	151	124
2186	151	124
2187	151	124
2188	151	123
2189	151	124
2190	151	123
2191	151	124
2192	151	123
2193	151	124
2194	151	124
2195	151	123
2196	151	123
2197	152	123
2198	151	124
2199	151	123
2200	151	124
2201	151	124
2202	151	123
2203	151	123
2204	151	124
2205	151	123
2206	151	124
2207	151	124
2208	152	123
2209	151	123
2210	151	123
2211	151	123
2212	151	124
2213	151	123
2214	151	124
2215	151	124
2216	151	124
2217	151	124
2218	151	124
2219	151	123
2220	151	123
2221	151	124
2222	151	124
2223	152	123
2224	151	123
2225	151	123
2226	151	124
2227	151	123
2228	151	124
2229	151	124
2230	151	123
2231	151	124
2232	151	123
2233	151	124
2234	151	124
2235	151	124
2236	151	123
2237	151	123
2238	151	123
2239	151	124
2240	152	123
2241	151	123
2242	151	123
2243	150	123
2244	151	123
2245	151	124
2246	151	124
2247	151	124
2248	151	123
2249	151	124
2250	151	123
2251	151	124
2252	151	124
2253	151	124
2254	151	124
2255	151	123
2256	151	124
2257	151	123
2258	151	124
2259	151	123
2260	151	123
2261	151	124
2262	151	123
2263	151	123
2264	151	124
2265	151	124
2266	151	123
2267	151	124
2268	151	123
2269	149	123
2270	151	123
2271	151	123
2272	151	124
2273	151	124
2274	151	124
2275	151	124
2276	151	124
2277	151	124
2278	151	123
2279	151	123
2280	151	123
2281	151	124
2282	151	123
2283	151	124
2284	151	124
2285	151	123
2286	151	123
2287	151	124
2288	151	123
2289	151	123
2290	151	123
2291	151	124
2292	151	123
2293	151	123
2294	151	123
2295	151	124
2296	151	123
2297	151	123
2298	152	124
2299	151	123
2300	151	124
2301	151	124
2302	151	124
2303	151	124
2304	151	123
2305	151	124
2306	151	123
2307	151	123
2308	150	124
2309	151	123
2310	151	124
2311	150	124
2312	151	124
2313	151	124
2314	152	123
2315	151	124
2316	151	124
2317	151	123
2318	151	123
2319	151	123
2320	151	123
2321	151	123
2322	151	123
2323	151	124
2324	151	123
2325	151	123
2326	151	123
2327	152	124
2328	151	124
2329	151	123
2330	151	123
2331	149	124
2332	151	123
2333	151	123
2334	151	123
2335	151	124
2336	151	123
2337	151	123
2338	152	124
2339	151	124
2340	151	124
2341	151	123
2342	151	124
2343	151	123
2344	151	124
2345	151	124
2346	151	123
2347	151	123
2348	151	123
2349	151	124
2350	151	123
2351	151	124
2352	151	124
2353	151	123
2354	151	123
2355	151	123
2356	151	124
2357	151	123
2358	151	123
2359	150	123
2360	151	123
2361	152	123
2362	151	123
2363	151	123
2364	151	123
2365	151	123
2366	150	123
2367	151	124
2368	151	124
2369	151	124
2370	150	123
2371	151	123
2372	151	123
2373	151	123
2374	151	123
2375	151	123
2376	151	124
2377	151	123
2378	151	124
2379	151	123
2380	152	124
2381	151	123
2382	151	124
2383	153	123
2384	151	124
2385	151	123
2386	151	123
2387	151	123
2388	151	124
2389	151	124
2390	151	123
2391	151	124
2392	151	123
2393	151	123
2394	151	124
2395	151	124
2396	150	123
2397	151	123
2398	151	123
2399	150	124
2400	151	124
2401	151	123
2402	151	124
2403	151	124
2404	151	123
2405	149	124
2406	151	124
2407	151	123
2408	151	123
2409	151	123
2410	151	123
2411	151	124
2412	154	124
2413	151	123
2414	151	123
2415	151	124
2416	151	123
2417	151	124
2418	151	124
2419	151	123
2420	151	124
2421	151	123
2422	151	123
2423	151	124
2424	151	123
2425	150	123
2426	151	124
2427	151	124
2428	151	122
2429	151	124
2430	151	124
2431	151	123
2432	151	123
2433	150	124
2434	151	124
2435	151	123
2436	151	123
2437	151	124
2438	151	124
2439	151	123
2440	151	123
2441	151	123
2442	151	124
2443	151	123
2444	151	123
2445	154	124
2446	151	124
2447	150	123
2448	151	123
2449	151	123
2450	151	123
2451	151	124
2452	151	123
2453	151	124
2454	151	124
2455	151	123
2456	151	123
2457	151	124
2458	151	124
2459	151	124
2460	151	124
2461	151	123
2462	151	123
2463	151	123
2464	151	123
2465	151	123
2466	151	123
2467	151	124
2468	151	124
2469	151	124
2470	151	123
2471	151	124
2472	151	124
2473	151	123
2474	151	124
2475	151	123
2476	151	124
2477	150	124
2478	151	124
2479	151	124
2480	151	124
2481	151	124
2482	151	124
2483	151	123
2484	151	123
2485	150	123
2486	151	123
2487	151	123
2488	151	123
2489	151	123
2490	151	123
2491	150	124
2492	151	123
2493	151	123
2494	151	123
2495	150	123
2496	151	124
2497	151	124
2498	151	123
2499	151	123
2500	151	123
2501	150	124
2502	150	123
2503	151	124
2504	151	123
2505	151	123
2506	151	123
2507	151	124
2508	151	124
2509	151	123
2510	151	124
2511	151	124
2512	151	124
2513	151	124
2514	151	124
2515	151	124
2516	151	123
2517	151	124
2518	151	124
2519	151	123
2520	151	123
2521	151	123
2522	151	124
2523	150	123
2524	151	121
2525	152	124
2526	151	123
2527	151	123
2528	151	123
2529	151	123
2530	151	123
2531	151	123
2532	151	123
2533	151	123
2534	152	124
2535	151	124
2536	151	124
2537	151	123
2538	151	123
2539	151	123
2540	151	124
2541	151	124
2542	151	124
2543	151	123
2544	151	124
2545	151	124
2546	151	123
2547	151	124
2548	151	124
2549	151	124
2550	151	124
2551	151	124
2552	151	124
2553	151	123
2554	151	123
2555	151	124
2556	151	123
2557	151	124
2558	152	124
2559	151	124
2560	151	124
2561	151	123
2562	151	123
2563	151	124
2564	151	124
2565	151	123
2566	151	124
2567	151	124
2568	151	124
2569	151	124
2570	151	124
2571	151	124
2572	151	123
2573	151	123
2574	151	124
2575	151	124
2576	151	123
2577	151	123
2578	151	123
2579	151	123
2580	151	124
2581	151	123
2582	151	123
2583	152	124
2584	151	124
2585	151	124
2586	151	123
2587	152	124
2588	151	124
2589	151	123
2590	151	123
2591	151	123
2592	151	124
2593	151	124
2594	151	124
2595	151	123
2596	151	124
2597	151	123
2598	151	123
2599	151	124
2600	151	123
2601	151	123
2602	151	123
2603	151	123
2604	151	123
2605	151	123
2606	151	124
2607	151	124
2608	151	124
2609	151	124
2610	151	123
2611	151	123
2612	151	123
2613	151	124
2614	151	123
2615	151	123
2616	151	124
2617	151	124
2618	151	124
2619	151	124
2620	151	124
2621	151	123
2622	151	123
2623	151	123
2624	151	123
2625	151	124
2626	152	123
2627	151	124
2628	151	124
2629	151	123
2630	151	123
2631	151	123
2632	151	124
2633	152	123
2634	151	124
2635	151	123
2636	151	124
2637	151	123
2638	151	123
2639	151	123
2640	151	123
2641	151	123
2642	151	122
2643	151	123
2644	151	123
2645	151	123
2646	151	124
2647	151	124
2648	151	123
2649	151	123
2650	151	124
2651	151	123
2652	151	123
2653	150	123
2654	151	123
2655	151	123
2656	151	124
2657	151	124
2658	151	124
2659	151	121
2660	151	124
2661	151	124
2662	151	123
2663	151	124
2664	151	124
2665	151	124
2666	151	124
2667	151	123
2668	151	124
2669	151	124
2670	150	124
2671	151	124
2672	151	124
2673	151	123
2674	151	123
2675	151	124
2676	151	124
2677	152	123
2678	151	124
2679	151	123
2680	151	123
2681	152	124
2682	151	123
2683	152	124
2684	151	124
2685	151	123
2686	151	124
2687	149	124
2688	151	124
2689	151	124
2690	151	123
2691	151	124
2692	151	124
2693	151	123
2694	152	124
2695	151	123
2696	151	124
2697	151	123
2698	151	123
2699	151	123
2700	152	124
2701	151	124
2702	151	124
2703	151	123
2704	151	124
2705	150	124
2706	151	124
2707	150	123
2708	151	124
2709	151	124
2710	151	124
2711	151	123
2712	151	124
2713	151	123
2714	151	123
2715	151	123
2716	151	124
2717	152	124
2718	151	123
2719	151	124
2720	151	124
2721	152	124
2722	151	123
2723	151	124
2724	151	123
2725	151	124
2726	152	123
2727	151	123
2728	151	123
2729	151	123
2730	151	124
2731	152	124
2732	151	124
2733	151	123
2734	151	124
2735	151	123
2736	151	122
2737	151	123
2738	151	123
2739	151	124
2740	150	123
2741	151	124
2742	151	123
2743	151	123
2744	151	124
2745	151	124
2746	151	123
2747	151	123
2748	150	123
2749	151	124
2750	151	124
2751	151	123
2752	151	124
2753	151	123
2754	151	123
2755	151	123
2756	151	124
2757	151	124
2758	151	123
2759	151	124
2760	151	124
2761	151	123
2762	151	124
2763	151	123
2764	153	123
2765	152	124
2766	151	123
2767	151	124
2768	151	124
2769	152	123
2770	151	123
2771	151	124
2772	151	123
2773	151	123
2774	151	123
2775	151	123
2776	150	123
2777	151	124
2778	151	123
2779	151	123
2780	151	123
2781	151	123
2782	150	124
2783	152	123
2784	151	123
2785	151	124
2786	151	124
2787	151	123
2788	151	124
2789	151	124
2790	151	123
2791	151	123
2792	151	124
2793	151	124
2794	151	124
2795	151	123
2796	151	123
2797	151	123
2798	151	123
2799	151	124
2800	151	123
2801	151	123
2802	151	123
2803	151	124
2804	151	123
2805	151	123
2806	151	124
2807	151	123
2808	151	123
2809	151	123
2810	149	123
2811	151	124
2812	151	124
2813	151	123
2814	151	123
2815	151	123
2816	151	124
2817	151	123
2818	152	123
2819	151	123
2820	151	123
2821	151	123
2822	151	124
2823	151	123
2824	151	124
2825	151	124
2826	151	124
2827	151	124
2828	151	123
2829	151	124
2830	151	124
2831	151	123
2832	151	123
2833	151	124
2834	151	124
2835	151	123
2836	151	124
2837	151	123
2838	151	123
2839	151	123
2840	151	124
2841	151	123
2842	151	124
2843	151	123
2844	151	123
2845	151	124
2846	151	123
2847	151	123
2848	151	124
2849	151	123
2850	151	124
2851	151	124
2852	151	123
2853	151	123
2854	151	123
2855	151	124
2856	151	124
2857	151	123
2858	151	124
2859	151	124
2860	151	124
2861	151	123
2862	151	124
2863	151	124
2864	151	124
2865	151	123
2866	152	124
2867	151	123
2868	151	124
2869	151	123
2870	151	124
2871	151	123
2872	151	123
2873	152	123
2874	151	123
2875	151	124
2876	151	124
2877	151	123
2878	151	124
2879	151	124
2880	151	123
2881	151	124
2882	151	124
2883	151	124
2884	151	124
2885	151	123
2886	151	123
2887	151	124
2888	151	123
2889	151	123
2890	151	123
2891	151	123
2892	151	124
2893	151	123
2894	151	124
2895	151	124
2896	151	124
2897	151	124
2898	151	124
2899	151	123
2900	151	123
2901	151	123
2902	151	124
2903	151	124
2904	151	124
2905	151	124
2906	151	124
2907	151	123
2908	151	123
2909	151	123
2910	151	124
2911	151	124
2912	151	123
2913	151	124
2914	151	123
2915	151	124
2916	151	123
2917	151	123
2918	151	123
2919	150	123
2920	151	123
2921	154	122
2922	151	124
2923	151	123
2924	151	123
2925	151	123
2926	151	124
2927	151	124
2928	151	124
2929	151	124
2930	151	123
2931	151	123
2932	152	124
2933	151	123
2934	151	123
2935	151	124
2936	151	123
2937	151	123
2938	151	123
2939	151	124
2940	151	124
2941	151	124
2942	151	123
2943	151	124
2944	151	123
2945	150	123
2946	151	123
2947	151	124
2948	150	123
2949	151	123
2950	151	124
2951	151	123
2952	151	123
2953	151	124
2954	150	124
2955	151	123
2956	151	122
2957	151	123
2958	151	124
2959	151	123
2960	152	123
2961	151	123
2962	151	123
2963	151	123
2964	151	123
2965	151	123
2966	151	123
2967	151	123
2968	151	124
2969	151	124
2970	151	123
2971	151	123
2972	151	123
2973	151	123
2974	151	123
2975	151	123
2976	151	123
2977	152	123
2978	151	124
2979	151	124
2980	151	124
2981	150	123
2982	151	123
2983	151	123
2984	151	124
2985	151	123
2986	150	123
2987	151	124
2988	150	124
2989	151	123
2990	151	124
2991	151	123
2992	151	124
2993	151	124
2994	151	123
2995	152	124
2996	151	123
2997	151	123
2998	152	124
2999	151	124
3000	151	123
3001	151	124
3002	151	123
3003	151	123
3004	151	123
3005	151	124
3006	151	124
3007	151	124
3008	151	124
3009	151	124
3010	151	124
3011	151	123
3012	151	123
3013	152	124
3014	152	123
3015	151	123
3016	151	124
3017	151	124
3018	151	123
3019	151	124
3020	151	123
3021	151	123
3022	151	124
3023	152	124
3024	151	123
3025	151	123
3026	151	123
3027	151	123
3028	151	123
3029	151	124
3030	151	124
3031	151	124
3032	151	123
3033	151	124
3034	151	124
3035	151	124
3036	151	123
3037	151	123
3038	151	124
3039	151	124
3040	150	124
3041	151	124
3042	150	123
3043	151	123
3044	151	123
3045	151	123
3046	151	123
3047	151	123
3048	151	124
3049	151	124
3050	151	123
3051	151	123
3052	151	124
3053	151	123
3054	151	123
3055	151	124
3056	151	123
3057	151	123
3058	151	123
3059	151	123
3060	151	124
3061	151	123
3062	151	124
3063	151	124
3064	151	123
3065	150	123
3066	151	124
3067	151	123
3068	151	124
3069	151	123
3070	151	124
3071	151	124
3072	151	124
3073	151	124
3074	151	124
3075	151	124
3076	151	124
3077	151	124
3078	152	123
3079	151	124
3080	151	124
3081	150	124
3082	151	123
3083	151	123
3084	151	123
3085	151	123
3086	151	123
3087	151	124
3088	151	123
3089	151	124
3090	151	124
3091	152	123
3092	151	124
3093	151	124
3094	151	123
3095	151	123
3096	151	124
3097	151	124
3098	151	124
3099	151	123
3100	151	124
3101	151	123
3102	151	123
3103	151	123
3104	151	124
3105	151	124
3106	151	123
3107	151	123
3108	151	124
3109	151	123
3110	151	123
3111	151	124
3112	151	124
3113	151	124
3114	151	123
3115	151	124
3116	151	124
3117	150	123
3118	151	123
3119	151	123
3120	151	124
3121	151	124
3122	151	123
3123	151	123
3124	150	123
3125	151	123
3126	149	123
3127	151	123
3128	151	123
3129	151	124
3130	151	123
3131	151	123
3132	151	124
3133	150	123
3134	151	123
3135	151	123
3136	151	122
3137	151	123
3138	151	124
3139	151	123
3140	150	124
3141	151	123
3142	151	123
3143	151	124
3144	151	124
3145	151	123
3146	151	124
3147	152	123
3148	151	124
3149	151	124
3150	151	124
3151	151	124
3152	151	124
3153	151	124
3154	151	123
3155	151	124
3156	151	124
3157	151	123
3158	151	124
3159	151	124
3160	151	123
3161	151	123
3162	151	124
3163	151	123
3164	151	123
3165	151	123
3166	151	124
3167	151	123
3168	151	123
3169	151	124
3170	151	124
3171	151	123
3172	151	123
3173	151	123
3174	151	124
3175	151	123
3176	151	124
3177	151	124
3178	151	124
3179	151	124
3180	151	124
3181	151	123
3182	151	123
3183	151	124
3184	151	124
3185	151	124
3186	151	124
3187	151	124
3188	151	123
3189	151	124
3190	151	123
3191	151	123
3192	151	123
3193	151	123
3194	151	123
3195	151	124
3196	151	123
3197	147	123
3198	150	124
3199	151	124
3200	151	124
3201	151	123
3202	151	123
3203	151	123
3204	150	123
3205	152	124
3206	151	124
3207	151	123
3208	151	122
3209	151	123
3210	151	124
3211	151	123
3212	151	123
3213	151	123
3214	151	124
3215	151	123
3216	151	123
3217	151	124
3218	151	123
3219	151	124
3220	151	123
3221	151	124
3222	151	124
3223	151	123
3224	151	124
3225	151	123
3226	151	124
3227	151	123
3228	151	124
3229	150	123
3230	151	123
3231	151	123
3232	151	124
3233	151	124
3234	151	124
3235	151	123
3236	151	123
3237	151	124
3238	151	123
3239	151	123
3240	151	124
3241	151	124
3242	151	123
3243	151	124
3244	151	123
3245	151	123
3246	151	124
3247	151	123
3248	151	123
3249	151	123
3250	151	124
3251	151	124
3252	152	123
3253	151	123
3254	151	123
3255	151	124
3256	151	123
3257	151	123
3258	151	124
3259	151	123
3260	151	123
3261	151	124
3262	151	124
3263	151	123
3264	151	123
3265	151	124
3266	151	124
3267	151	124
3268	151	123
3269	151	124
3270	151	123
3271	152	124
3272	150	123
3273	151	124
3274	151	124
3275	151	123
3276	151	124
3277	151	124
3278	151	124
3279	151	123
3280	151	123
3281	151	124
3282	151	124
3283	151	124
3284	152	124
3285	151	123
3286	151	123
3287	151	124
3288	151	124
3289	151	123
3290	151	124
3291	151	123
3292	151	124
3293	151	123
3294	151	124
3295	151	123
3296	151	123
3297	151	124
3298	152	124
3299	151	124
3300	151	123
3301	151	123
3302	151	124
3303	151	124
3304	151	123
3305	151	123
3306	152	124
3307	151	123
3308	151	124
3309	151	123
3310	151	124
3311	152	123
3312	151	124
3313	151	124
3314	151	124
3315	151	124
3316	153	124
3317	151	124
3318	152	124
3319	151	123
3320	151	124
3321	151	124
3322	151	123
3323	151	124
3324	151	124
3325	151	123
3326	151	124
3327	151	124
3328	151	123
3329	151	124
3330	151	123
3331	151	123
3332	151	124
3333	151	124
3334	151	124
3335	151	123
3336	151	123
3337	151	123
3338	151	124
3339	151	123
3340	151	123
3341	152	123
3342	151	124
3343	151	124
3344	151	123
3345	151	124
3346	152	124
3347	151	124
3348	151	123
3349	151	124
3350	151	124
3351	151	124
3352	151	123
3353	151	124
3354	151	124
3355	151	123
3356	151	124
3357	151	124
3358	151	124
3359	151	123
3360	151	123
3361	151	124
3362	151	123
3363	151	123
3364	151	124
3365	151	123
3366	151	123
3367	151	124
3368	151	123
3369	151	123
3370	151	123
3371	151	124
3372	153	124
3373	151	124
3374	151	123
3375	151	124
3376	151	123
3377	151	123
3378	151	123
3379	151	123
3380	151	123
3381	151	123
3382	151	124
3383	151	124
3384	151	123
3385	151	123
3386	150	124
3387	151	123
3388	151	124
3389	151	124
3390	151	124
3391	151	123
3392	151	124
3393	151	124
3394	151	124
3395	151	124
3396	151	124
3397	151	123
3398	151	123
3399	151	123
3400	151	124
3401	151	123
3402	151	124
3403	151	124
3404	151	124
3405	151	124
3406	150	123
3407	151	123
3408	151	123
3409	151	124
3410	151	123
3411	151	123
3412	151	124
3413	151	124
3414	151	123
3415	151	123
3416	151	123
3417	151	123
3418	151	124
3419	151	124
3420	152	124
3421	151	123
3422	151	123
3423	151	124
3424	151	123
3425	151	123
3426	151	124
3427	151	124
3428	151	123
3429	151	124
3430	151	124
3431	151	124
3432	151	124
3433	151	124
3434	151	124
3435	151	124
3436	151	123
3437	151	124
3438	151	124
3439	151	124
3440	151	124
3441	152	124
3442	151	123
3443	152	123
3444	151	123
3445	151	124
3446	151	123
3447	151	123
3448	151	123
3449	151	123
3450	151	123
3451	151	123
3452	151	124
3453	151	123
3454	152	124
3455	151	123
3456	151	123
3457	151	123
3458	151	123
3459	151	124
3460	152	124
3461	151	124
3462	151	124
3463	151	124
3464	151	123
3465	151	123
3466	151	124
3467	151	124
3468	151	124
3469	151	123
3470	151	124
3471	152	124
3472	151	123
3473	151	124
3474	151	124
3475	151	123
3476	151	123
3477	151	124
3478	151	124
3479	151	124
3480	150	123
3481	151	124
3482	151	123
3483	150	124
3484	151	124
3485	151	123
3486	151	123
3487	151	123
3488	151	123
3489	151	124
3490	151	123
3491	151	123
3492	151	123
3493	151	124
3494	151	124
3495	150	123
3496	151	123
3497	151	123
3498	150	124
3499	151	123
3500	151	123
3501	150	123
3502	151	124
3503	151	123
3504	151	124
3505	151	123
3506	151	123
3507	151	124
3508	151	124
3509	151	124
3510	151	124
3511	151	124
3512	151	123
3513	150	123
3514	151	124
3515	151	124
3516	151	123
3517	152	124
3518	151	124
3519	151	124
3520	151	124
3521	151	124
3522	151	124
3523	151	123
3524	151	124
3525	152	123
3526	151	124
3527	151	124
3528	151	123
3529	151	124
3530	151	123
3531	151	124
3532	151	123
3533	151	124
3534	151	123
3535	151	123
3536	151	123
3537	151	124
3538	151	123
3539	151	123
3540	151	123
3541	151	123
3542	151	123
3543	151	124
3544	151	124
3545	151	123
3546	151	123
3547	151	123
3548	151	123
3549	151	123
3550	151	124
3551	151	123
3552	151	124
3553	151	124
3554	151	123
3555	151	124
3556	151	124
3557	148	124
3558	151	124
3559	151	124
3560	151	124
3561	150	123
3562	152	123
3563	151	124
3564	152	124
3565	151	123
3566	151	124
3567	151	124
3568	151	124
3569	151	124
3570	151	124
3571	151	123
3572	151	123
3573	151	124
3574	152	123
3575	152	124
3576	151	123
3577	151	124
3578	151	124
3579	151	123
3580	151	123
3581	151	124
3582	151	124
3583	151	124
3584	152	124
3585	151	124
3586	151	123
3587	151	123
3588	151	124
3589	151	123
3590	151	124
3591	151	124
3592	151	124
3593	151	124
3594	151	124
3595	151	124
3596	151	124
3597	151	123
3598	151	124
3599	151	124
3600	151	123
3601	151	123
3602	151	124
3603	151	123
3604	151	124
3605	151	124
3606	151	124
3607	151	123
3608	150	123
3609	152	124
3610	151	123
3611	151	123
3612	151	123
3613	151	124
3614	151	124
3615	151	123
3616	151	124
3617	150	123
3618	151	123
3619	151	123
3620	151	123
3621	151	124
3622	151	124
3623	151	123
3624	151	124
3625	151	124
3626	151	124
3627	150	123
3628	151	124
3629	151	124
3630	151	123
3631	151	123
3632	151	124
3633	151	124
3634	151	123
3635	151	124
3636	151	124
3637	151	123
3638	151	123
3639	151	123
3640	151	124
3641	151	123
3642	151	123
3643	151	124
3644	151	123
3645	151	123
3646	151	124
3647	151	123
3648	151	123
3649	152	123
3650	151	124
3651	151	124
3652	151	123
3653	151	123
3654	151	124
3655	151	124
3656	151	124
3657	151	124
3658	151	124
3659	151	124
3660	151	124
3661	151	124
3662	151	124
3663	151	123
3664	152	124
3665	151	123
3666	151	123
3667	151	123
3668	151	124
3669	151	124
3670	151	123
3671	151	123
3672	151	124
3673	151	123
3674	151	123
3675	151	124
3676	150	124
3677	151	123
3678	151	124
3679	151	123
3680	151	124
3681	151	124
3682	151	124
3683	151	124
3684	151	124
3685	151	124
3686	151	124
3687	153	123
3688	151	123
3689	151	123
3690	151	123
3691	151	124
3692	151	124
3693	151	124
3694	151	124
3695	151	124
3696	151	123
3697	151	123
3698	151	123
3699	152	123
3700	151	123
3701	151	124
3702	151	124
3703	152	124
3704	151	124
3705	151	124
3706	151	123
3707	151	123
3708	151	123
3709	151	124
3710	151	124
3711	151	123
3712	151	124
3713	151	124
3714	151	123
3715	151	124
3716	151	124
3717	151	124
3718	151	123
3719	150	124
3720	151	123
3721	150	123
3722	151	124
3723	151	124
3724	151	124
3725	151	123
3726	151	123
3727	151	124
3728	151	123
3729	151	123
3730	150	124
3731	151	123
3732	151	123
3733	151	123
3734	151	124
3735	151	124
3736	151	123
3737	151	123
3738	151	124
3739	151	124
3740	151	124
3741	151	124
3742	151	124
3743	151	123
3744	151	123
3745	151	123
3746	151	124
3747	150	124
3748	151	123
3749	151	124
3750	151	123
3751	151	124
3752	151	124
3753	151	124
3754	151	123
3755	151	123
3756	151	124
3757	152	123
3758	152	123
3759	151	124
3760	151	123
3761	151	124
3762	151	124
3763	151	124
3764	151	124
3765	151	123
3766	151	124
3767	151	124
3768	151	124
3769	151	123
3770	151	123
3771	150	123
3772	151	124
3773	151	124
3774	151	124
3775	151	123
3776	151	123
3777	151	124
3778	151	124
3779	151	123
3780	151	124
3781	151	123
3782	151	123
3783	151	124
3784	151	123
3785	150	123
3786	151	123
3787	151	124
3788	151	123
3789	151	124
3790	151	124
3791	151	123
3792	151	123
3793	152	123
3794	151	124
3795	151	124
3796	153	123
3797	151	124
3798	152	123
3799	151	124
3800	151	124
3801	152	124
3802	151	123
3803	151	123
3804	151	124
3805	151	123
3806	151	124
3807	151	124
3808	151	124
3809	151	123
3810	150	124
3811	151	123
3812	150	124
3813	151	124
3814	151	124
3815	151	123
3816	151	123
3817	151	124
3818	151	124
3819	152	124
3820	151	124
3821	151	123
3822	152	123
3823	151	124
3824	151	123
3825	151	124
3826	151	124
3827	151	123
3828	152	123
3829	151	123
3830	151	123
3831	152	124
3832	151	123
3833	151	123
3834	151	124
3835	151	124
3836	151	124
3837	151	123
3838	150	124
3839	151	123
3840	151	123
3841	152	124
3842	151	123
3843	151	124
3844	151	124
3845	151	123
3846	151	124
3847	151	123
3848	151	123
3849	151	123
3850	151	123
3851	151	123
3852	151	124
3853	151	123
3854	151	124
3855	151	123
3856	151	123
3857	151	124
3858	151	124
3859	151	123
3860	151	123
3861	152	123
3862	151	124
3863	151	123
3864	151	123
3865	151	123
3866	151	124
3867	151	124
3868	151	123
3869	151	124
3870	151	124
3871	151	123
3872	151	123
3873	151	123
3874	151	124
3875	151	123
3876	152	123
3877	151	124
3878	151	124
3879	151	123
3880	151	124
3881	151	123
3882	151	123
3883	151	124
3884	151	123
3885	151	123
3886	151	123
3887	151	124
3888	151	124
3889	150	124
3890	151	123
3891	151	123
3892	151	124
3893	151	124
3894	151	123
3895	151	124
3896	151	123
3897	151	123
3898	151	123
3899	151	123
3900	151	123
3901	151	123
3902	151	123
3903	151	124
3904	151	124
3905	151	124
3906	151	124
3907	151	124
3908	149	123
3909	150	123
3910	151	123
3911	151	123
3912	151	123
3913	151	124
3914	151	124
3915	151	123
3916	151	123
3917	150	124
3918	151	123
3919	151	123
3920	151	123
3921	151	123
3922	151	123
3923	151	124
3924	151	123
3925	151	124
3926	151	123
3927	151	123
3928	151	123
3929	151	124
3930	152	123
3931	150	123
3932	151	124
3933	151	124
3934	151	123
3935	151	124
3936	149	123
3937	151	124
3938	150	123
3939	151	123
3940	151	124
3941	151	123
3942	151	123
3943	151	123
3944	151	123
3945	151	123
3946	151	123
3947	151	124
3948	151	123
3949	151	124
3950	151	124
3951	151	124
3952	151	123
3953	152	123
3954	151	123
3955	151	124
3956	152	123
3957	151	124
3958	151	124
3959	151	123
3960	151	124
3961	152	124
3962	151	124
3963	151	123
3964	151	123
3965	151	124
3966	151	124
3967	151	124
3968	151	124
3969	151	123
3970	151	124
3971	151	123
3972	151	124
3973	151	123
3974	151	123
3975	151	124
3976	151	124
3977	151	123
3978	151	123
3979	151	123
3980	151	124
3981	151	123
3982	151	123
3983	151	124
3984	151	123
3985	151	123
3986	151	123
3987	151	123
3988	151	123
3989	151	123
3990	151	124
3991	151	124
3992	150	123
3993	151	124
3994	151	124
3995	151	124
3996	150	124
3997	151	124
3998	151	123
3999	151	123
4000	151	123
4001	153	124
4002	151	123
4003	150	124
4004	151	124
4005	151	123
4006	150	124
4007	151	123
4008	151	123
4009	151	124
4010	151	124
4011	151	123
4012	151	123
4013	151	124
4014	151	124
4015	151	123
4016	151	123
4017	152	123
4018	151	124
4019	151	123
4020	151	123
4021	151	123
4022	151	123
4023	151	123
4024	151	124
4025	151	123
4026	151	124
4027	151	124
4028	151	124
4029	151	123
4030	151	123
4031	151	124
4032	151	123
4033	151	123
4034	151	124
4035	151	124
4036	152	124
4037	151	124
4038	151	123
4039	151	124
4040	151	124
4041	151	123
4042	151	124
4043	151	123
4044	151	123
4045	151	124
4046	150	124
4047	151	124
4048	151	123
4049	151	123
4050	151	123
4051	151	124
4052	151	123
4053	151	124
4054	151	124
4055	151	123
4056	151	123
4057	152	123
4058	151	123
4059	151	123
4060	151	124
4061	151	123
4062	151	124
4063	151	123
4064	151	124
4065	151	124
4066	151	124
4067	151	124
4068	151	123
4069	151	123
4070	151	124
4071	151	124
4072	151	124
4073	151	124
4074	151	123
4075	151	124
4076	151	124
4077	151	124
4078	151	123
4079	152	124
4080	151	124
4081	151	123
4082	152	124
4083	151	124
4084	151	124
4085	151	124
4086	151	124
4087	152	124
4088	151	123
4089	151	123
4090	151	124
4091	151	124
4092	151	124
4093	151	124
4094	151	123
4095	151	123
