   5.0000000e-01	
   4.9031739e-01	
   4.6164455e-01	
   4.1509202e-01	
   3.5246277e-01	
   2.7618249e-01	
   1.8920553e-01	
   9.4900547e-02	
  -3.0799733e-03	
  -1.0094120e-01	
  -1.9489294e-01	
  -2.8129638e-01	
  -3.5680508e-01	
  -4.1849455e-01	
  -4.6397554e-01	
  -4.9148655e-01	
  -4.9996206e-01	
  -4.8907380e-01	
  -4.5924349e-01	
  -4.1162647e-01	
  -3.4806697e-01	
  -2.7102668e-01	
  -1.8348940e-01	
  -8.8845485e-02	
   9.2394525e-03	
   1.0696654e-01	
   2.0055077e-01	
   2.8636757e-01	
   3.6109323e-01	
   4.2183357e-01	
   4.6623611e-01	
   4.9258112e-01	
   4.9984823e-01	
   4.8775598e-01	
   4.5677273e-01	
   4.0809846e-01	
   3.4361834e-01	
   2.6582973e-01	
   1.7774542e-01	
   8.2776938e-02	
  -1.5397529e-02	
  -1.1297564e-01	
  -2.0617816e-01	
  -2.9139530e-01	
  -3.6532657e-01	
  -4.2510857e-01	
  -4.6842592e-01	
  -4.9360092e-01	
  -4.9965853e-01	
  -4.8636414e-01	
  -4.5423264e-01	
  -4.0450850e-01	
  -3.3911756e-01	
  -2.6059244e-01	
  -1.7197446e-01	
  -7.6695827e-02	
   2.1553269e-02	
   1.1896760e-01	
   2.1177426e-01	
   2.9637880e-01	
   3.6950446e-01	
   4.2831904e-01	
   4.7054463e-01	
   4.9454580e-01	
   4.9939300e-01	
   4.8489847e-01	
   4.5162360e-01	
   4.0085714e-01	
   3.3456530e-01	
   2.5531560e-01	
   1.6617740e-01	
   7.0603076e-02	
  -2.7705737e-02	
  -1.2494149e-01	
  -2.1733821e-01	
  -3.0131732e-01	
  -3.7362627e-01	
  -4.3146450e-01	
  -4.7259191e-01	
  -4.9541563e-01	
  -4.9905166e-01	
  -4.8335920e-01	
  -4.4894602e-01	
  -3.9714494e-01	
  -3.2996227e-01	
  -2.5000000e-01	
  -1.6035512e-01	
  -6.4499608e-02	
   3.3854001e-02	
   1.3089643e-01	
   2.2286918e-01	
   3.0621010e-01	
   3.7769137e-01	
   4.3454447e-01	
   4.7456747e-01	
   4.9621025e-01	
   4.9863459e-01	
   4.8174657e-01	
   4.4620029e-01	
   3.9337247e-01	
   3.2530915e-01	
   2.4464646e-01	
   1.5450850e-01	
   5.8386351e-02	
  -3.9997126e-02	
  -1.3683150e-01	
  -2.2836632e-01	
  -3.1105641e-01	
  -3.8169914e-01	
  -4.3755849e-01	
  -4.7647100e-01	
  -4.9692957e-01	
  -4.9814183e-01	
  -4.8006082e-01	
  -4.4338684e-01	
  -3.8954029e-01	
  -3.2060666e-01	
  -2.3925578e-01	
  -1.4863843e-01	
  -5.2264232e-02	
   4.6134180e-02	
   1.4274579e-01	
   2.3382880e-01	
   3.1585550e-01	
   3.8564898e-01	
   4.4050610e-01	
   4.7830221e-01	
   4.9757346e-01	
   4.9757346e-01	
   4.7830221e-01	
   4.4050610e-01	
   3.8564898e-01	
   3.1585550e-01	
   2.3382880e-01	
   1.4274579e-01	
   4.6134180e-02	
  -5.2264232e-02	
  -1.4863843e-01	
  -2.3925578e-01	
  -3.2060666e-01	
  -3.8954029e-01	
  -4.4338684e-01	
  -4.8006082e-01	
  -4.9814183e-01	
  -4.9692957e-01	
  -4.7647100e-01	
  -4.3755849e-01	
  -3.8169914e-01	
  -3.1105641e-01	
  -2.2836632e-01	
  -1.3683150e-01	
  -3.9997126e-02	
   5.8386351e-02	
   1.5450850e-01	
   2.4464646e-01	
   3.2530915e-01	
   3.9337247e-01	
   4.4620029e-01	
   4.8174657e-01	
   4.9863459e-01	
   4.9621025e-01	
   4.7456747e-01	
   4.3454447e-01	
   3.7769137e-01	
   3.0621010e-01	
   2.2286918e-01	
   1.3089643e-01	
   3.3854001e-02	
  -6.4499608e-02	
  -1.6035512e-01	
  -2.5000000e-01	
  -3.2996227e-01	
  -3.9714494e-01	
  -4.4894602e-01	
  -4.8335920e-01	
  -4.9905166e-01	
  -4.9541563e-01	
  -4.7259191e-01	
  -4.3146450e-01	
  -3.7362627e-01	
  -3.0131732e-01	
  -2.1733821e-01	
  -1.2494149e-01	
  -2.7705737e-02	
   7.0603076e-02	
   1.6617740e-01	
   2.5531560e-01	
   3.3456530e-01	
   4.0085714e-01	
   4.5162360e-01	
   4.8489847e-01	
   4.9939300e-01	
   4.9454580e-01	
   4.7054463e-01	
   4.2831904e-01	
   3.6950446e-01	
   2.9637880e-01	
   2.1177426e-01	
   1.1896760e-01	
   2.1553269e-02	
  -7.6695827e-02	
  -1.7197446e-01	
  -2.6059244e-01	
  -3.3911756e-01	
  -4.0450850e-01	
  -4.5423264e-01	
  -4.8636414e-01	
  -4.9965853e-01	
  -4.9360092e-01	
  -4.6842592e-01	
  -4.2510857e-01	
  -3.6532657e-01	
  -2.9139530e-01	
  -2.0617816e-01	
  -1.1297564e-01	
  -1.5397529e-02	
   8.2776938e-02	
   1.7774542e-01	
   2.6582973e-01	
   3.4361834e-01	
   4.0809846e-01	
   4.5677273e-01	
   4.8775598e-01	
   4.9984823e-01	
   4.9258112e-01	
   4.6623611e-01	
   4.2183357e-01	
   3.6109323e-01	
   2.8636757e-01	
   2.0055077e-01	
   1.0696654e-01	
   9.2394525e-03	
  -8.8845485e-02	
  -1.8348940e-01	
  -2.7102668e-01	
  -3.4806697e-01	
  -4.1162647e-01	
  -4.5924349e-01	
  -4.8907380e-01	
  -4.9996206e-01	
  -4.9148655e-01	
  -4.6397554e-01	
  -4.1849455e-01	
  -3.5680508e-01	
  -2.8129638e-01	
  -1.9489294e-01	
  -1.0094120e-01	
  -3.0799733e-03	
   9.4900547e-02	
   1.8920553e-01	
   2.7618249e-01	
   3.5246277e-01	
   4.1509202e-01	
   4.6164455e-01	
   4.9031739e-01	
   5.0000000e-01	
