0
9.1553e-05
-0.00027466
0.00054932
-0.00088501
0.00088501
3.0518e-05
-0.0036926
0.051514
0.13147
0.19495
0.19208
0.12915
0.11227
0.12677
0.12943
0.13675
0.13815
0.133
0.1355
0.12103
0.11478
0.15067
0.14514
0.10849
0.10822
0.1124
0.098511
0.078796
0.085449
0.10812
0.099823
0.1059
0.11893
0.11478
0.12726
0.10361
0.099609
0.12555
0.11105
0.088654
0.09494
0.098175
0.086334
0.065826
0.044464
0.058594
0.062042
0.034729
0.042572
0.066925
0.066711
0.079224
0.09549
0.064026
0.080505
0.11774
0.058746
0.043823
0.072052
0.017944
-0.024902
-0.032135
-0.057068
-0.088379
-0.073273
-0.083405
-0.12979
-0.1344
-0.12286
-0.11133
-0.09729
-0.082184
-0.068817
-0.067169
-0.0849
-0.069702
-0.04837
-0.046509
-0.05246
-0.070618
-0.092133
-0.099548
-0.090729
-0.089966
-0.081116
-0.061218
-0.043976
-0.041565
-0.074188
-0.066681
-0.0097046
0.0038757
0.0077515
0.045624
0.074432
0.061157
0.045074
0.061401
0.059662
0.045013
0.067627
0.053436
-0.0056458
0.01474
0.048523
0.013824
-0.026611
0.009552
0.065643
0.028717
-0.0057068
0.022614
0.0073547
-0.019379
0.0023193
0.029877
0.040192
0.028351
0.041412
0.058929
0.025421
0.0098877
0.042786
0.0078125
-0.057495
-0.050903
-0.029724
-0.021027
-0.0047913
-0.0081787
-0.029114
-0.018219
0.0032959
-0.02002
-0.024658
-0.0044556
-0.0063477
-0.015137
-0.025452
-0.011597
0.012878
-0.014038
-0.039429
0.0080872
0.026947
-0.0087585
-0.00045776
0.032043
0.028076
-0.0041504
0.0058594
0.014099
0.0020447
0.019592
0.02002
0.010254
0.04657
0.05249
0.02594
0.038055
0.066589
0.07486
0.037567
0.024811
0.075256
0.072266
0.019592
0.036133
0.067474
0.030151
0.0085144
0.023071
0.003418
0.011108
0.012878
-0.0040283
-0.0027771
-0.017151
-0.023773
-0.0177
-0.013763
-0.0024109
0.012329
0.0074158
-0.0030823
0.03183
0.045532
0.0087585
-0.01651
-0.022766
-0.034912
-0.069855
-0.074097
-0.079254
-0.12711
-0.12399
-0.091583
-0.10748
-0.14169
-0.14334
-0.1153
-0.12643
-0.13538
-0.094727
-0.058868
-0.069458
-0.091003
-0.087952
-0.10913
-0.13049
-0.11465
-0.12259
-0.1478
-0.14917
-0.15387
-0.16803
-0.13544
-0.11093
-0.10928
-0.099182
-0.10092
-0.088013
-0.067108
-0.033997
0.022003
0.027863
0.011261
0.064911
0.098816
0.055634
0.044434
0.089569
0.080383
0.023132
0.01181
0.036896
0.033539
0.0047302
0.024261
0.060577
0.036255
-0.0013123
-0.0034485
0.0080566
-0.012268
-0.013275
0.012268
-0.002533
-0.01593
-0.016693
-0.032898
-0.035583
-0.011902
-0.036102
-0.08197
-0.075195
-0.043701
-0.052368
-0.056793
-0.0023499
-0.0056152
-0.036743
-0.028137
-0.021301
-0.010895
0.03064
0.042755
0.03653
0.010956
-0.010834
0.033661
0.062775
0.054901
0.062866
0.071411
0.049316
0.065704
0.086578
0.060089
0.046326
0.066864
0.050354
0.021057
0.048889
0.063843
0.015106
0.0019531
0.058472
0.043213
0.0058594
0.087585
0.1348
0.097321
0.068756
0.055969
0.055756
0.045258
0.045441
0.082672
0.080688
0.033081
0.040039
0.064484
0.040497
0.035522
0.061981
0.039124
0.022736
0.037018
0.0085754
-0.020447
0.015717
0.031982
0.024902
0.010773
0.024597
0.060455
0.049774
0.044647
0.054108
0.029846
-0.030762
-0.069275
-0.073364
-0.09845
-0.12183
-0.11328
-0.096375
-0.10126
-0.13257
-0.11392
-0.095276
-0.10425
-0.065216
-0.041779
-0.037384
-0.018158
0.0021362
-0.023682
-0.040314
-0.029907
-0.059753
-0.092163
-0.088898
-0.065643
-0.044373
-0.065033
-0.058655
-0.022766
-0.051758
-0.053375
-0.0057068
0.010223
-0.013123
-0.0056152
0.036469
0.064514
0.082703
0.11649
0.13455
0.12088
0.10645
0.093781
0.073608
0.062469
0.082794
0.093262
0.058807
0.035278
0.050049
0.048065
0.052795
0.071442
0.098206
0.11102
0.091187
0.086517
0.049072
0.028748
0.076965
0.082672
0.04184
0.050964
0.050568
-0.010986
-0.012848
0.0048828
-0.016571
-0.0041809
0.052368
0.06366
0.023926
0.031036
0.041504
0.028259
0.051514
0.063141
0.033936
0.020813
0.013214
0.0076294
0.014343
0.0027771
-0.0074768
0.0058899
0.016327
-0.0020447
-0.012573
0.014069
0.03894
0.060333
0.066284
0.042908
0.045227
0.056244
0.041534
0.015533
0.024902
0.063263
0.047211
0.02066
0.082184
0.1286
0.09375
0.082947
0.10852
0.098816
0.076263
0.090668
0.11099
0.10333
0.085083
0.090057
0.077576
0.036316
0.064575
0.10956
0.071503
0.025452
0.047272
0.057404
0.018097
0.042664
0.057922
0.0050964
0.032257
0.096924
0.056976
0.020081
0.055542
0.036682
-0.020355
-0.037964
-0.046112
-0.051788
-0.067261
-0.092163
-0.095795
-0.097015
-0.11392
-0.09787
-0.10324
-0.12143
-0.09021
-0.043915
-0.039154
-0.071259
-0.056244
-0.072357
-0.11151
-0.094879
-0.10806
-0.13022
-0.13083
-0.13193
-0.12772
-0.12112
-0.11417
-0.085144
-0.05542
-0.067322
-0.070801
-0.022675
0.0030518
0.0085144
0.035919
0.064301
0.068176
0.045135
0.03952
0.026489
0.019928
0.046539
0.053833
0.053955
0.057434
0.025452
0.019409
0.050323
0.069641
0.061951
0.03302
0.050812
0.068726
0.046509
0.020447
0.038757
0.054199
0.026337
0.014923
0.018402
0.0098572
0.0079041
0.028717
-0.0097351
-0.061157
-0.050751
-0.056366
-0.085815
-0.071198
-0.014313
-0.031891
-0.075531
-0.050751
-0.040802
-0.061096
-0.053986
-0.027435
-0.047333
-0.069733
-0.043762
-0.017609
-0.026093
-0.062897
-0.086426
-0.068237
-0.014343
0.0050049
0.0005188
-0.038239
-0.056763
-0.029755
-0.048706
-0.067871
-0.023834
-0.0242
-0.096069
-0.070679
-0.030396
-0.06543
-0.073242
-0.030151
-0.02417
-0.048706
-0.031677
-0.0099487
3.0518e-05
0.0062561
-0.019379
-0.035736
-0.052765
-0.078064
-0.053345
-0.006012
-0.018707
-0.028809
0.019623
0.022919
-0.003479
0.014465
0.031067
0.015717
0.035431
0.050171
0.024902
0.0055237
0.044922
0.045502
-0.007782
0.01947
0.027802
-0.011322
-0.071289
-0.080414
-0.035217
-0.091156
-0.11417
-0.058258
-0.071991
-0.12283
-0.1105
-0.077606
-0.069946
-0.040253
-0.011292
0.0048218
0
-0.014435
-0.0079041
-0.031311
-0.073578
-0.082214
-0.075287
-0.073761
-0.091888
-0.073547
-0.029663
-0.043854
-0.055878
-0.030426
-0.026245
-0.042023
-0.023651
0.015076
-0.00024414
0.013092
0.05365
0.054108
0.064362
0.074951
0.067322
0.067535
0.059967
0.020142
0.014435
0.044403
0.08606
0.086243
0.045898
0.041107
0.055695
0.03302
0.0017395
0.024902
0.030731
0.011902
0.020264
0.030945
0.026428
0.012512
0.021454
0.029755
-0.010712
-0.044586
-0.042969
-0.036621
-0.025665
-0.013611
-0.016479
-0.057495
-0.030182
0.030029
0.031921
0.0073853
0.019165
0.021179
-0.016998
-0.028992
-0.0098877
-0.015198
-0.022675
-0.0090942
-0.027924
-0.041168
-0.050964
-0.045563
-0.023499
-0.021057
-0.02533
-0.029938
-0.024017
-0.0076904
0.0062256
0.0024414
0.015228
0.060638
0.066772
0.036621
0.036102
0.028992
-0.0064392
0.0060425
0.065125
0.068542
0.039062
0.055908
0.06781
0.045868
0.019043
0.016998
0.030914
0.0084229
-0.0031738
0.037811
0.046875
0.02475
0.027924
0.04068
0.032532
0.031464
0.039734
-0.0036011
-0.006134
0.056213
0.052094
0.028564
0.06308
0.10678
0.086151
0.040131
0.033661
0.026123
-0.011292
-0.051117
-0.032532
-0.011139
-0.048553
-0.090057
-0.096069
-0.10901
-0.099609
-0.065552
-0.08429
-0.089111
-0.066345
-0.052429
-0.049805
-0.043213
-0.035583
-0.059296
-0.07666
-0.073853
-0.10712
-0.13284
-0.12991
-0.10739
-0.081879
-0.094971
-0.088135
-0.070892
-0.057587
-0.044403
-0.046631
-0.039032
-0.027893
-0.018646
0.025208
0.069794
0.077301
0.07019
0.056519
0.033173
0.014923
0.021698
0.016998
0.010223
0.021332
0.015472
-0.0012207
0.016907
0.057892
0.051239
0.035065
0.030396
0.025452
0.019257
0.033447
0.059296
0.038574
0.018097
0.023254
0.027924
-0.023712
-0.072571
-0.058258
-0.077911
-0.10956
-0.064484
-0.054321
-0.085205
-0.074432
-0.064392
-0.10013
-0.11526
-0.059937
-0.056427
-0.094513
-0.076782
-0.04184
-0.042694
-0.034882
-0.029022
-0.028107
-0.031036
-0.047607
-0.037018
-0.018463
-0.030823
-0.042297
-0.037323
-0.058655
-0.056641
-0.019409
-0.012848
-0.016479
-0.018799
-0.042908
-0.060638
-0.050415
-0.038971
-0.043854
-0.026733
-0.0010681
0.0070801
0.0092163
0.0032349
0.0070496
0.014313
-0.0080261
0.0028687
0.0073547
-0.044586
-0.03656
0.01123
0.013062
-0.010956
0.021179
0.052368
0.011444
-0.0049744
0.0038147
0.004364
-0.0066528
0.023743
0.0784
0.072083
0.08017
0.13068
0.12332
0.084198
0.076111
0.078064
0.045715
-0.012177
0.0046997
0.038422
0.0012512
-0.036011
-0.040375
-0.049194
-0.083221
-0.075317
-0.048584
-0.088379
-0.10071
-0.062958
-0.073303
-0.10901
-0.099731
-0.071442
-0.077759
-0.1098
-0.1138
-0.10068
-0.10516
-0.092163
-0.066528
-0.067108
-0.075592
-0.056671
-0.060608
-0.072388
-0.032379
-0.011658
-0.0044556
0.026794
0.037231
0.054871
0.085602
0.092194
0.099457
0.089874
0.060486
0.060364
0.090271
0.056183
0.047974
0.074371
0.047516
0.022949
0.023651
0.025146
0.021423
0.053436
0.058563
0.020538
0.022125
0.065826
0.07724
0.066925
0.080933
0.079498
0.063019
0.054657
0.032623
0.026855
0.021088
0.026459
0.036835
0.024475
0.042175
0.051849
0.037445
0.010376
0.023163
0.028229
0.0098877
0.0033264
0.013367
0.028931
0.029968
0.032898
0.043457
0.026062
0.010712
0.05014
0.049744
0.025208
0.020569
0.036072
0.05603
0.039581
0.010834
0.017914
0.029449
0.03656
0.039673
0.013214
0.017059
0.06189
0.05304
-0.0033569
0.018158
0.056854
0.064758
0.072083
0.082825
0.092987
0.048584
0.019592
0.052032
0.070648
0.052582
0.055634
0.077209
0.038513
0.019104
0.07193
0.1174
0.10049
0.08493
0.094177
0.052002
0.051758
0.10666
0.10327
0.10651
0.15332
0.12564
0.066071
0.039612
0.0097351
-0.0070801
-0.0097961
-0.03537
-0.066284
-0.094208
-0.062347
-0.035889
-0.071564
-0.097595
-0.10376
-0.090424
-0.084137
-0.098053
-0.056305
-0.028046
-0.094208
-0.076904
-0.02063
-0.056061
-0.096161
-0.090332
-0.083038
-0.1037
-0.11035
-0.10486
-0.096924
-0.095306
-0.091125
-0.057007
-0.060974
-0.059174
-0.0090027
-0.011963
-0.035004
-0.021698
0.026215
0.052673
0.040039
0.051086
0.07782
0.053864
0.021576
0.0054321
-0.010773
0.0062866
0.0466
0.058197
0.025665
0.0040588
0.013367
0.041107
0.054596
0.068542
0.089844
0.10309
0.10623
0.089539
0.074402
0.094574
0.092346
0.050903
0.027618
0.048401
0.043671
0.0049438
0.012238
-0.0041199
-0.035553
-0.024902
0.020325
0.030212
-0.0036621
-0.02182
-0.02652
-0.012756
-0.030518
-0.040405
-0.00048828
-0.0029907
-0.053772
-0.050354
-0.0050964
-0.033508
-0.042999
-0.0021362
-0.03537
-0.079468
-0.038116
-0.00094604
-0.0086365
-0.02002
-0.024628
-0.018707
-0.045013
-0.072754
-0.04718
-0.026093
-0.051666
-0.058746
-0.058624
-0.034393
0.050781
0.1033
0.082092
0.023621
-0.011261
-0.0010071
0.01535
0.022552
0.0112
-0.014191
-0.014771
-0.0083923
-0.046082
-0.046875
0.0032654
0.028564
0.0090027
-0.0023193
0.02066
-0.0042725
-0.040192
-0.018494
0.022064
0.023254
0.006958
0.029999
0.046417
0.01123
0.0032654
0.0097961
-0.061676
-0.084717
-0.045166
-0.069641
-0.10168
-0.084991
-0.10159
-0.12787
-0.12952
-0.1171
-0.096222
-0.10037
-0.087891
-0.071838
-0.098602
-0.098389
-0.058655
-0.059814
-0.088287
-0.089996
-0.10507
-0.15903
-0.16718
-0.13647
-0.14941
-0.16742
-0.16174
-0.12024
-0.095093
-0.14297
-0.12573
-0.075836
-0.11786
-0.13858
-0.046753
0.015381
-0.0040894
0.03006
0.063843
0.013184
-0.011536
0.027191
0.022156
0.0026855
0.034119
0.031982
0.013
0.02887
0.039124
0.046936
0.04834
0.044037
0.044128
0.04245
0.055603
0.065613
0.054474
0.060303
0.10226
0.08725
0.048187
0.065826
0.055206
-0.0054932
-0.030182
0.025665
0.050171
-0.0088196
-0.035583
0.024292
0.041229
-0.0063782
-0.013824
-0.014374
-0.03775
-0.044952
-0.023285
-0.017365
-0.0081787
0.0039062
-0.0010071
-0.012238
-0.022827
-0.0080566
-0.013397
-0.0448
-0.057404
-0.049561
-0.040405
-0.023651
0.014771
0.01828
-0.041504
-0.059265
-0.024353
-0.037048
-0.055756
-0.044067
-0.04892
-0.062134
-0.042633
0.00030518
-0.01123
-0.02002
0.011627
0.042908
0.014282
-0.0045471
0.050293
0.062561
0.029205
0.027679
0.03952
0.02652
0.042877
0.076538
0.073639
0.072235
0.068359
0.067505
0.056458
0.070465
0.12308
0.10602
0.085327
0.12662
0.13907
0.13971
0.14999
0.15964
0.12585
0.036713
-0.005188
0.017639
0.0073853
-0.026245
-0.018494
-0.019318
-0.065002
-0.074982
-0.054993
-0.034637
-0.019714
0.012512
0.010834
-0.030304
-0.036835
-0.014648
-0.018341
-0.051849
-0.039581
-0.034119
-0.042755
-0.033722
-0.027771
-0.038269
-0.046295
-0.020111
-0.010834
-0.037048
-0.040527
-0.024139
-0.00082397
0.035248
0.05368
0.063049
0.083405
0.085022
0.070679
0.075439
0.06485
0.016541
0.010681
0.048981
0.033386
-0.0057373
0.0070496
0.042633
0.049713
0.051147
0.057343
0.045807
0.034668
0.049957
0.057556
0.046417
0.067322
0.14267
0.16483
0.1084
0.076172
0.062836
0.053223
0.058136
0.0354
-0.0045166
-0.0013733
-0.00079346
-0.031708
-0.0075378
0.034302
0
-0.039429
-0.033264
-0.030823
-0.054077
-0.063446
-0.032471
-0.010284
-0.027527
-0.026306
-0.016968
-0.042511
-0.044464
-0.050629
-0.068787
-0.056854
-0.025421
-0.021301
-0.036926
-0.017822
0.0058594
-0.01886
-0.024902
0.006012
-0.032715
-0.055145
-0.0031433
-0.014252
-0.035522
-0.0024414
0.018036
0.031433
0.030457
0.009613
-0.01181
-0.013153
-0.014526
-0.023285
-0.0035706
-0.016632
-0.037689
-0.010956
-0.0081177
-0.029449
-0.0038757
0.059082
0.067169
0.038788
0.028717
0.020111
0.016418
0.053894
0.095215
0.060852
0.049255
0.074341
0.054016
0.061707
0.10098
0.10007
0.034515
-0.029663
-0.010193
0.020813
-0.0058899
-0.014343
0.022064
0.012146
-0.046997
-0.052338
-0.018677
-0.024567
-0.016479
0.017181
0.018341
0.017822
0.033295
-0.028625
-0.10962
-0.082275
-0.058044
-0.099487
-0.09671
-0.078156
-0.11383
-0.14377
-0.14066
-0.12009
-0.10007
-0.085175
-0.060913
-0.029907
-0.002594
-0.00033569
0.0081177
0.029785
0.029205
0.036743
0.05777
0.054565
0.036987
0.072723
0.076965
0.031494
0.064697
0.085968
0.049896
0.052948
0.057709
0.022461
0.012238
0.033875
0.053375
0.040527
0.017334
0.023132
0.023346
0.0242
0.070221
0.069336
0.0024414
-0.0067749
0.0076904
-0.039886
-0.03653
0.016876
-0.01712
-0.03949
0.0021362
0.021851
-0.011597
-0.033966
0.017426
0.064941
0.044891
-0.023285
-0.011017
0.03952
0.0090332
0.027161
0.078461
0.024994
-0.040741
0.0014954
0.035583
0.0039673
0.020752
0.039459
-0.0018616
-0.012878
-0.013275
-0.028534
-0.010284
0.010925
-0.022583
-0.043518
-0.04834
-0.049622
-0.034332
-0.032623
-0.0084839
0.032806
0.021698
-0.018097
-0.0082092
0.01123
-0.0015869
0.0055542
0.03009
-0.012939
-0.059692
-0.031189
0.0027466
0.0071106
0.014832
0.028503
0.032471
0.026825
0.044312
0.080261
0.079742
0.049896
0.077301
0.10736
0.076355
0.092865
0.1088
0.053955
0.056244
0.084198
0.051788
0.0074158
-0.0017395
0.0097961
-0.022858
-0.039398
-0.023071
-0.015594
-0.0084229
-0.0055542
-0.019073
-0.071167
-0.10471
-0.071259
-0.050751
-0.087463
-0.083374
-0.054962
-0.088867
-0.10696
-0.08963
-0.12256
-0.13641
-0.1174
-0.13419
-0.11923
-0.088562
-0.073669
-0.063965
-0.056274
-0.03775
-0.059387
-0.084808
-0.063995
-0.028503
-0.0023804
-0.0018616
0.010895
0.021606
-0.018158
-0.032166
-0.0081482
-0.0081787
-0.020844
-0.032562
-0.045319
-0.068268
-0.074188
-0.0020752
0.0019226
-0.055267
-0.018555
0.014252
0.0010681
0.01355
0.028748
0.043793
0.053223
0.044128
0.035583
0.046051
0.03064
0.0084839
0.013489
-0.00045776
-0.012085
-0.010101
0.0015869
0.026764
0.053558
0.045319
0.034576
0.057617
0.075256
0.048523
0.018341
0.033722
0.042664
0.039764
0.037872
0.033966
0.031433
0.0097961
0.0087891
0.027893
0.016174
0.012482
0.035217
0.034088
0.035187
0.063995
0.063324
0.020203
-0.012543
-0.0014038
-0.0051575
-0.045044
-0.027191
0.0058289
-0.0018005
-0.0054626
0.014923
0.016479
0.012054
0.057617
0.088074
0.064453
0.045135
0.060364
0.05426
-0.0018921
-0.010345
0.033081
0.024475
0.010437
0.032471
0.037964
0.041199
0.07785
0.082458
0.033264
0.06015
0.11392
0.079132
0.076172
0.12103
0.12
0.07785
0.079895
0.092407
0.047791
0.006134
0.028961
0.048706
-0.0068359
-0.033966
-0.020874
-0.027618
-0.064697
-0.081512
-0.058746
-0.075348
-0.096863
-0.055054
-0.027344
-0.058685
-0.06662
-0.012726
-0.018982
-0.086029
-0.10519
-0.1373
-0.16901
-0.15326
-0.14545
-0.15198
-0.15576
-0.13303
-0.12357
-0.13373
-0.11093
-0.093231
-0.088196
-0.10809
-0.10989
-0.082764
-0.080353
-0.059082
-0.036896
-0.046631
-0.056519
-0.052094
-0.076691
-0.08371
-0.044922
-0.031036
-0.049408
-0.050873
-0.027344
0.0061646
0.01413
-0.00073242
0.014496
0.01944
-0.0007019
-3.0518e-05
0.027405
0.013794
-0.0036011
0.0063782
0.020935
0.02594
0.014038
0.0026245
-0.016663
-0.02652
-0.024536
-0.0065002
0.0040283
-0.01059
-0.012177
-0.014709
-0.0065918
0.018494
0.029999
0.0090637
0.0054932
0.012604
-0.029602
-0.014191
0.046265
0.057251
0.007843
-0.0070496
0.028351
0.014984
-0.002594
-0.0054626
-0.014618
-0.0088501
0.0007019
-0.009552
-0.049927
-0.037964
0.016754
-0.0099182
-0.058533
-0.024506
0.0085754
-0.0089417
-0.033905
-0.028046
0.020935
0.044159
0.016327
-0.002655
-0.0082703
-0.013428
-0.0042114
0.019958
0.02478
0.018066
0.022034
0.01413
-0.016022
-0.010376
0.019226
0.024689
0.03241
0.062866
0.080872
0.067749
0.076141
0.097107
0.095184
0.096039
0.11365
0.10776
0.10336
0.10071
0.081329
0.051758
0.0224
0.037354
0.056763
0.0052795
-0.038269
-0.016052
-0.014038
-0.046844
-0.02179
0.00033569
-0.014648
0.0010681
0.0091248
-0.029663
-0.050262
-0.017548
-0.026031
-0.062714
-0.061035
-0.072266
-0.089844
-0.10599
-0.11569
-0.12692
-0.13855
-0.11905
-0.10864
-0.11035
-0.11258
-0.10114
-0.086578
-0.097198
-0.06839
0.0021973
0.006958
-0.057037
-0.057526
0.014435
0.00054932
-0.048584
-0.024994
-0.0067139
-0.041016
-0.051392
-0.033844
-0.044708
-0.040253
-0.014648
-0.03714
-0.062927
-0.011932
0.055695
0.0578
0.041687
0.041992
0.048187
0.028259
0.01535
0.018829
0.030762
0.04248
0.02475
0.0040283
0.018066
0.038849
0.030334
0.020782
0.013977
0.047577
0.071686
0.053497
0.051941
0.051147
0.050293
0.028076
0.031281
0.048401
0.0073853
0.0021057
0.036072
0.034302
0.010193
-0.00057983
0.0045471
-0.010529
-0.019989
-0.010681
-0.022705
-0.048645
-0.021271
-0.011414
-0.074615
-0.090363
-0.060822
-0.063782
-0.071442
-0.061798
-0.067871
-0.086395
-0.092346
-0.048248
-0.012878
-0.019897
-0.019897
0.00012207
-0.026947
-0.081726
-0.046631
-0.012299
-0.064911
-0.059906
-0.0088196
-0.036896
-0.047119
0.00015259
-0.011322
-0.046875
-0.013977
-0.010712
-0.040802
-0.016052
0.026276
0.042236
0.0055237
0.026978
0.061188
0.022858
0.013397
0.05304
0.033661
-0.0086365
-0.014069
-0.013062
-0.034973
-0.030548
-0.0070801
-0.039062
-0.081421
-0.061432
-0.025177
-0.059479
-0.052612
0.0087891
0.011841
-0.0077209
0.0048218
0.019684
-0.035278
-0.067566
-0.028778
-0.035187
-0.086182
-0.091614
-0.088837
-0.11453
-0.13278
-0.1153
-0.085632
-0.10931
-0.0961
-0.060852
-0.048553
-0.04245
-0.046539
-0.035675
-0.031799
6.1035e-05
0.036743
0.020325
-0.028076
-0.024628
0.0019836
-0.043304
-0.072632
-0.0086365
0.014893
-0.04071
-0.029999
0.013367
0.0040283
0.022797
0.042236
0.016785
0.0007019
0.0090637
0.043304
0.069122
0.079865
0.088043
0.093964
0.079529
0.065094
0.076965
0.05127
0.017212
0.021667
0.028015
0.0093384
0.016205
0.050964
0.028534
0.016052
0.065186
0.061768
0.014984
0.0019226
0.014069
0.036163
0.029419
0.04953
0.092407
0.050385
-0.016418
-9.1553e-05
0.037354
0.031952
0.042236
0.03479
-0.016235
-0.0069885
0.030609
0.016052
0.0089722
0.032715
0.035156
-0.012512
-0.021271
-0.0040283
-0.031494
-0.00061035
0.065582
0.051056
0.012817
0.0037537
0.01297
0.01123
-0.0010071
0.013947
0.0028687
-0.035767
-0.0383
-0.0085449
-0.01825
-0.03299
-0.0089722
-0.0025024
0.00085449
0.043671
0.064545
0.047211
0.044434
0.080566
0.092194
0.073273
0.10104
0.14896
0.15219
0.1434
0.15219
0.15054
0.11951
0.099731
0.12119
0.090302
0.035919
0.044312
0.058044
0.026947
0.014771
0.04834
0.040833
0.022949
0.062988
0.080902
0.072205
0.060974
0.040253
0.018005
-0.021698
-0.062012
-0.042755
-0.047821
-0.099731
-0.094788
-0.08786
-0.13104
-0.1019
-0.042572
-0.093842
-0.11099
-0.050781
-0.042023
-0.095642
-0.084808
-0.050415
-0.041046
-0.016663
0.020477
0.029846
0.01355
0.0078735
0.0038757
-0.0078125
-0.03006
-0.036011
-0.034607
-0.056122
-0.039886
-0.021271
-0.052795
-0.028473
0.009613
0.0056152
-0.0082092
-0.0066223
-0.0033264
0.0055847
0.022156
0.0061035
-0.00064087
-0.02243
-0.034973
0.00085449
0.020264
-0.016266
-0.057861
-0.047424
-0.020142
-0.014343
0.011932
0.036896
0.015259
0.02002
0.052032
0.047821
0.052948
0.080994
0.056976
0.030792
0.046875
0.075897
0.052216
0.027496
0.052216
0.018768
-0.0068054
0.036774
0.069733
0.058807
0.042938
0.03595
0.018433
0.024689
0.053497
0.021393
-0.019897
-0.015778
-0.020172
-0.053467
-0.040283
0.0029602
0.0084229
-0.0042725
-0.012634
0.0012817
-0.0046387
-0.029907
-0.045715
-0.055206
-0.040863
-0.054993
-0.065277
-0.0010986
0.0224
-0.0044861
0.020813
0.040131
0.015991
-6.1035e-05
0.013641
0.025757
0.047211
0.091705
0.11017
0.092285
0.11661
0.15558
0.12796
0.076508
0.053833
0.052032
0.026428
0.010376
0.020447
0.0017395
-0.015594
0.0089417
0.0063782
-0.032501
-0.024231
0.021301
0.01001
-0.015961
0.022095
0.053284
0.032135
0.040894
0.076111
0.030701
-0.024475
-0.0079346
-0.0081787
-0.048523
-0.045135
-0.037964
-0.07254
-0.086548
-0.06131
-0.056122
-0.079224
-0.064575
-0.033844
-0.025482
-0.029236
0.012726
0.044739
0.027679
0.03952
0.050537
0.025421
-0.0047913
0.022339
0.040314
0.0040588
0.0070496
0.029205
0.022675
0.0039368
0.02829
0.045349
0.020081
0.044739
0.074402
0.070862
0.074829
0.1149
0.12466
0.080658
0.086945
0.10477
0.082672
0.058868
0.089325
0.1124
0.08905
0.11197
0.11865
0.071716
0.045227
0.080139
0.14154
0.12631
0.091339
0.096069
0.059326
0.051331
0.089905
0.10849
0.092651
0.077393
0.070526
0.057007
0.036957
0.048553
0.046356
0.0056152
0.0015869
0.017883
-0.00018311
-0.021606
0.011841
0.020905
-0.032043
-0.046936
-0.024689
-0.019257
-0.032593
-0.029053
-0.076752
-0.13538
-0.10327
-0.053253
-0.040924
-0.061584
-0.080017
-0.077759
-0.08548
-0.086426
-0.066345
-0.068481
-0.10608
-0.13571
-0.13281
-0.14261
-0.13062
-0.0737
-0.057159
-0.09024
-0.075623
-0.041565
-0.062042
-0.043152
0.00036621
0.0055542
-0.013062
-0.0042114
0.035431
0.020874
-0.009613
0.0030212
0.011963
-0.028534
-0.040833
-0.0033264
-0.0072937
-0.053772
-0.04718
-0.018402
-0.057434
-0.070435
-0.031708
-0.032806
-0.025452
0.017853
0.012939
-0.011017
0.013702
0.040253
0.030853
0.0045471
-0.012268
-0.029877
-0.063354
-0.090424
-0.08313
-0.050293
-0.063324
-0.048767
-0.028229
-0.082611
-0.082764
-0.049347
-0.030334
-0.015137
-0.018585
0.0071106
0.022949
0.023468
0.060577
0.085663
0.054138
0.028931
0.030029
-0.0066528
-0.020721
0.016235
0.011414
-0.017975
-0.0093079
0.053162
0.065735
0.04718
0.060425
0.047394
0.025665
0.028107
0.037476
0.029297
0.032562
0.075287
0.089844
0.043823
0.037048
0.053711
0.0087585
-0.011902
0.017792
0.0099182
-0.0078735
0.029602
0.053925
0.039581
0.059174
0.096222
0.091217
0.07135
0.074615
0.097748
0.092834
0.048004
0.053284
0.10306
0.11368
0.069519
0.043335
0.044006
0.061462
0.092743
0.075256
0.028015
0.02713
0.038391
-0.012634
-0.023773
0.0013733
0.023071
0.012878
-0.021606
-0.016113
-0.019714
-0.017792
0.014862
0.03595
0.016937
-0.0040894
-0.00048828
-0.0091553
-0.023987
-0.0035095
0.024994
0.0054626
-0.0090332
-0.023743
-0.051575
-0.024689
0.019806
0.017395
-0.020264
-0.030731
-0.002655
-0.022369
-0.059479
-0.032959
0.026428
0.019623
-0.0018616
0.045502
0.059601
0.051025
0.080566
0.07373
0.017639
-0.0016479
0.018463
0.015778
-0.017761
-0.0027466
-0.0031738
-0.013947
-0.012634
-0.018066
-0.011993
-0.021362
0.0032349
0.038086
0.0076904
-0.0159
0.045074
0.057373
-0.0035095
-0.0063171
0.0013123
-0.048553
-0.04187
0.0041199
-0.029907
-0.057404
-0.028168
-0.016083
-0.03009
-0.051025
-0.039642
0.0098267
-0.0035706
-0.040009
0.011108
0.031586
0.013336
0.029938
0.033813
0.031494
0.018768
0.014862
-0.0030823
-0.036041
-0.033936
-0.013733
-0.024292
-0.02002
0.039337
0.059235
0.010406
0.014404
0.041656
0.018555
0.001709
0.023407
0.051331
0.057159
0.05426
0.061951
0.068573
0.040161
0.029388
0.051636
0.036011
0.054779
0.10724
0.11359
0.11029
0.14047
0.15524
0.12494
0.12796
0.14658
0.12582
0.12848
0.14716
0.1376
0.14572
0.1535
0.13852
0.12476
0.12985
0.14383
0.14078
0.11752
0.086365
0.10858
0.11746
0.064941
0.091095
0.11798
0.061096
0.058563
0.06842
0.04364
0.043243
0.061523
0.036285
-0.0078125
0.012848
0.050201
0.048645
0.033203
0.031372
0.020874
-0.010162
-0.016968
0.021393
0.028992
-0.02652
-0.022797
0.013763
-0.0096741
0.0017395
0.029785
-0.0023804
-0.027496
-0.018066
-0.029327
-0.042053
-0.016022
0.024719
0.03299
0.02475
0.041199
0.061066
0.035278
0.02359
0.047028
0.029541
-0.015961
-0.015991
0.021729
0.0046997
-0.028534
-0.010712
-0.012054
-0.039948
-0.032806
0.00012207
-0.00067139
-0.0028687
0.039612
0.075684
0.061951
0.020233
0.026855
0.02832
0.0055847
0.019073
-0.012177
-0.062958
-0.055603
-0.040344
-0.080902
-0.11023
-0.087799
-0.070648
-0.083344
-0.06546
-0.048523
-0.085327
-0.086578
-0.0088196
0.033966
0.024872
0.032196
0.016022
-0.026459
-0.037048
-0.029388
-0.017975
0.0047913
-0.01181
-0.054352
-0.068665
-0.057373
-0.065002
-0.063843
-0.0354
-0.03067
-0.050018
-0.051392
-0.031433
-0.031403
-0.013885
-0.0032654
-0.02121
-0.024567
-0.0224
-0.035217
-0.019073
0.022614
-0.0055542
-0.055237
-0.032928
0.010803
-0.0010681
0.0022888
0.03067
0.016022
0.0087891
0.054871
0.083588
0.048309
0.04361
0.063721
0.049896
0.043884
0.074829
0.11148
0.10162
0.087219
0.092468
0.056671
0.014282
0.042572
0.090668
0.071991
0.035187
0.043274
0.026764
0.00354
0.040314
0.047974
-0.017578
-0.068481
-0.061981
-0.074982
-0.094696
-0.051941
0.00018311
-0.040192
-0.079895
-0.06076
-0.065094
-0.077118
-0.08905
-0.086121
-0.10385
-0.11218
-0.090576
-0.074524
-0.070709
-0.093262
-0.090332
-0.069244
-0.070618
-0.064972
-0.051575
-0.044342
-0.024506
0.0038757
0.023102
0.010956
0.039429
0.080231
0.076416
0.076538
0.056976
0.011414
-0.0071411
0.0057678
0.0005188
-0.024323
-0.02002
-0.012177
-0.023315
-0.027832
-0.0037231
0.0096436
-0.011261
-0.016632
0.0043335
-0.018341
-0.037659
0.0047302
-0.00091553
-0.018219
-0.0057373
-0.015472
-0.085236
-0.11176
-0.079041
-0.10025
-0.10568
-0.08252
-0.073425
-0.089569
-0.099426
-0.070923
-0.028503
-0.012878
-0.046204
-0.04895
-0.042389
-0.052124
-0.023315
-0.01181
-0.067871
-0.092468
-0.059174
-0.07608
-0.098358
-0.057281
-0.060669
-0.11047
-0.095123
-0.057281
-0.036926
-0.044617
-0.04837
-0.044922
-0.07373
-0.09549
-0.086609
-0.066498
-0.050537
-0.036407
-0.048584
-0.072693
-0.063385
-0.044861
-0.018799
-0.010254
-0.0057678
0.019653
0.0059509
-0.013367
0.012207
0.031616
0.015411
0.0289
0.047913
0.015991
0.00039673
0.025879
0.044312
0.040375
0.049164
0.07431
0.052582
0.033325
0.035675
0.022827
0.017853
0.033295
0.056976
0.037048
0.010071
0.020172
0.025482
0.00036621
-0.010101
-0.019104
-0.025665
0.0091553
-0.0018311
-0.06601
-0.087219
-0.059204
-0.019073
-0.005188
-0.01886
-0.017853
-0.0081177
-0.031189
-0.045746
-0.026764
-0.052002
-0.087769
-0.074493
-0.062195
-0.060425
-0.022552
-0.0010376
-0.036652
-0.061493
-0.036072
-0.015564
-0.028381
-0.01297
-0.00012207
-0.00073242
0.0076599
0.037628
0.029907
-0.01178
-0.017853
0.020538
0.029846
-0.012573
-0.018555
-0.033356
-0.064056
-0.074829
-0.035553
-0.01178
-0.041443
-0.028961
0.010529
0.0049438
-0.016937
0.020996
0.0466
0.033356
0.039825
0.047394
0.01944
-0.018219
0.004364
0.0031738
-0.024017
-0.018127
-0.015991
-0.048309
-0.089966
-0.080627
-0.046204
-0.023529
-0.011688
-0.045898
-0.064423
-0.034821
-0.020386
-0.021332
-0.030884
-0.0072937
0.020599
-0.014801
-0.048065
-0.017029
-0.031494
-0.10489
-0.065826
-0.024017
-0.082672
-0.095673
-0.059784
-0.075378
-0.10199
-0.055481
-0.03183
-0.052979
-0.071655
-0.053192
-0.015442
-0.014771
-0.023132
-0.0041809
0.0053406
-0.016327
0.020569
0.029297
-0.037018
-0.02005
0.021881
-0.0032043
0.0029602
0.057404
0.042053
-0.0010681
0.016357
0.040314
0.032562
0.038727
0.03302
0.055969
0.07193
0.059723
0.079315
0.10211
0.098083
0.086456
0.097626
0.078583
0.056946
0.11462
0.13977
0.097595
0.075531
0.067932
0.062592
0.070679
0.067902
0.048279
0.077606
0.080658
0.0035706
-0.01355
0.024719
0.035431
0.017548
0.0042114
-0.025757
-0.026245
-0.0052185
-0.051392
-0.047363
-0.0098572
-0.049133
-0.069489
-0.019287
0.0043335
-0.009613
-0.027954
-0.06073
-0.045258
0.016205
0.016113
-0.046753
-0.069244
0.0025635
0.022583
-0.0075989
0.047302
0.070221
0.011353
-0.022736
0.00177
0.038025
0.017731
0.011566
0.028473
0.0060425
-0.018585
0.00018311
0.040192
0.014008
-0.034302
0.0055542
0.048645
0.0080261
-0.018799
0.027374
0.041595
0.020691
0.03891
0.034149
-0.021301
-0.02597
-0.0030212
-0.037567
-0.068695
-0.050446
-0.025543
-0.037262
-0.047729
-0.033203
-0.021057
-0.018433
-0.029327
-0.054962
-0.082916
-0.067322
-0.0073242
-9.1553e-05
-0.013
0.014526
0.033051
-0.0081787
-0.042816
-0.034546
-0.060028
-0.096252
-0.079498
-0.089203
-0.14014
-0.14218
-0.066101
-0.063873
-0.10834
-0.081207
-0.062927
-0.070892
-0.074188
-0.074402
-0.076904
-0.085693
-0.059784
-0.024475
-0.038544
-0.052734
-0.034821
-0.06131
-0.077026
-0.030762
-0.02356
-0.051483
-0.018982
0.052795
0.052856
0.013428
0.051758
0.07074
0.04126
0.078308
0.096222
0.05835
0.060852
0.095673
0.11557
0.1362
0.13406
0.10944
0.086243
0.080841
0.098053
0.084015
0.037323
0.042511
0.092987
0.092773
0.061737
0.053192
0.026367
-0.0010681
0.027588
0.030029
-0.01767
-0.0063171
0.0021973
-0.011078
-0.0020447
-0.010681
-0.028076
-0.055908
-0.055786
-0.03067
-0.039124
-0.07254
-0.069641
-0.045715
-0.054535
-0.070251
-0.051819
-0.063599
-0.091034
-0.059875
-0.012665
0.0059204
-0.0010681
-0.025604
-0.032257
0.0085754
0.035797
0.059021
0.078583
0.057983
0.045441
0.041901
0.012299
-0.039825
-0.0072937
0.042023
-0.022766
-0.064575
-0.025146
-0.023407
-0.062195
-0.054443
-0.004425
0.041565
0.046661
0.031921
0.015564
0.014648
0.071167
0.096985
0.061523
0.044586
0.019287
-0.047638
-0.066193
-0.027283
-0.03656
-0.05545
-0.075043
-0.079773
-0.062836
-0.060303
-0.038544
-0.023315
-0.03537
-0.029205
-0.014893
-0.039795
-0.035339
0.0055542
-0.0031738
-0.054077
-0.067596
-0.067627
-0.10565
-0.097565
-0.082062
-0.10782
-0.12863
-0.11801
-0.087219
-0.086426
-0.09967
-0.06485
-0.038818
-0.05838
-0.039276
0.011292
0.0056763
-0.014954
-0.017242
-0.024658
-0.025787
-0.013245
-0.0083618
-0.0067139
-0.02713
-0.061768
-0.040833
-0.019714
-0.019806
0.012909
0.024261
-0.019165
-0.0015259
0.046478
0.028992
0.040619
0.11008
0.10355
0.040131
0.0271
0.071869
0.093872
0.054413
0.10382
0.15067
0.071167
0.028961
0.078705
0.097229
0.062408
0.077576
0.092255
0.068756
0.048798
0.053558
0.064819
0.061035
0.038574
-0.011597
-0.026917
-0.012329
0.0065918
0.026062
0.028351
0.026306
0.022552
0.0086365
-0.0027771
0.027161
0.015472
-0.065033
-0.061859
-0.023621
-0.042145
-0.050354
-0.010986
-0.025391
-0.063782
-0.037415
-0.045898
-0.072815
-0.034698
-0.0028992
-0.0027466
0.017334
0.036255
0.041962
0.029602
0.023712
0.022369
0.01825
0.0079346
-0.0066833
0.0016479
-0.0271
-0.052856
-0.029144
-0.020752
-0.040558
-0.048431
-0.0082397
0.024841
0.027466
0.010986
-0.0092773
0.017639
0.061157
0.061737
0.015717
0.0059814
-0.0053101
-0.052826
-0.033386
0.015808
0.044739
0.020111
-0.0066833
-0.012939
-0.013214
0.0031128
-0.0081482
0.0035095
0.048737
0.039337
0.022278
0.061951
0.066559
0.031219
0.049133
0.044403
0.014099
0.039307
0.065216
0.025269
0.00073242
0.027252
-0.011536
-0.062347
-0.010681
0.032867
0.0021667
-0.02359
-0.028931
-0.041687
-0.055725
-0.02829
0.0038757
0.018677
0.016113
0.016083
0.037842
0.027832
0.019928
0.016602
-0.013916
-0.019104
0.0014038
-0.0019531
-0.013611
0.041199
0.11166
0.083466
0.026184
0.053131
0.058533
0.018677
0.037292
0.071411
0.090759
0.098267
0.098206
0.096619
0.086792
0.10156
0.099945
0.078186
0.090393
0.12598
0.134
0.087158
0.069763
0.11203
0.10101
0.067963
0.046082
0.037323
0.05069
0.025116
-0.0017395
-0.013977
-0.036652
-0.039917
0.00177
-0.0011597
-3.0518e-05
0.033966
-0.005249
-0.063904
-0.060333
-0.067657
-0.088623
-0.073151
-0.061554
-0.062347
-0.070343
-0.072327
-0.059265
-0.042389
-0.044037
-0.046387
-0.061401
-0.081238
-0.045685
0.016663
-0.0099792
-0.041901
-0.0081787
-0.029694
-0.0336
0.022278
0.014801
-0.030579
-0.04126
-0.017853
-0.022766
-0.04657
-0.038879
-0.029266
-0.052521
-0.076935
-0.053894
-0.040466
-0.036804
-0.027466
0.0031738
0.03949
0.03775
0.037201
0.046906
0.017853
0.00088501
0.019501
0.013824
0.0081787
0.01828
0.012756
-0.0091553
0.006134
0.043457
0.047363
0.030426
0.010712
0.0026855
-0.0047913
0.0177
0.035309
-0.0025635
0.0043945
0.039612
0.023895
-0.032654
-0.058563
-0.027191
-0.01416
-0.035187
-0.044678
-0.070312
-0.095245
-0.0755
-0.050781
-0.047791
-0.076599
-0.08194
-0.062683
-0.057312
-0.029083
-0.011353
-0.035919
-0.067657
-0.064148
-0.036346
-0.038239
-0.035675
0.012878
0.0093384
-0.055206
-0.03537
0.033295
0.011627
-0.0064392
0.046234
0.032227
0.0071106
0.077545
0.1153
0.061768
0.030243
0.07785
0.065643
0.021759
0.077515
0.10782
0.061523
0.03302
0.050049
0.048035
0.030975
0.066742
0.11856
0.077545
0.025024
0.050201
0.06134
0.037354
0.02182
0.02655
0.0075378
-0.022766
-0.015167
-0.02536
-0.050201
-0.053589
-0.013519
-0.01947
-0.054138
-0.041748
-0.067505
-0.084625
-0.042847
-0.029938
-0.088654
-0.11078
-0.070801
-0.079041
-0.10739
-0.094696
-0.078461
-0.10562
-0.12714
-0.10287
-0.089325
-0.12906
-0.10529
-0.035522
-0.042938
-0.055359
-0.012604
0.0062256
-0.011505
-0.01178
-0.01709
-0.011139
-0.045349
-0.075623
-0.043274
-0.044861
-0.046783
0.0043335
0.014709
-0.0099487
0.013245
0.050568
0.045807
0.063538
0.096191
0.070251
0.053467
0.087982
0.11386
0.092316
0.057281
0.056885
0.037842
0.013824
0.031799
0.037079
0.044617
0.036255
0.018799
0.0092163
-0.038849
-0.051971
0.011108
0.020203
0
0.032013
0.056335
0.05365
0.049896
0.059845
0.044556
0.025665
0.011993
-0.025238
-0.046082
-0.036835
-0.035736
-0.056976
-0.047546
-0.019135
-0.0042114
-0.0073242
0.0043945
0.026428
0.012268
-0.011139
-0.010925
-0.0014648
0.0041809
0.0053101
0.0084229
-0.0061035
-0.02066
-0.023895
0.0080872
-0.0079346
-0.068604
-0.053558
-0.035889
-0.05191
0.0010071
0.05072
0.032776
0.063049
0.093964
0.062378
0.040802
0.08374
0.10364
0.078644
0.085266
0.12045
0.12701
0.10748
0.1116
0.13202
0.10977
0.085663
0.11954
0.12488
0.087463
0.096466
0.11002
0.068817
0.058533
0.078339
0.05661
0.054993
0.076996
0.054596
0.027649
0.021454
0.028656
0.060974
0.053864
0.012817
-0.0048218
-0.035736
-0.047455
-0.012756
-0.021637
-0.079224
-0.077423
-0.04184
-0.044403
-0.04657
-0.023804
-0.029816
-0.049652
-0.068634
-0.069885
-0.058167
-0.036865
0.01178
0.016479
-0.0081787
0.015808
0.050751
0.022522
-0.0084229
0.011688
0.010559
-0.023346
-0.037476
-0.055115
-0.069
-0.057678
-0.028534
-0.010315
-0.053162
-0.065979
-0.028351
-0.023193
-0.008606
0.022675
0.038574
0.019989
0.032074
0.069244
0.036346
0.014038
0.049652
0.058075
0.0031433
-0.015015
0.0088196
0.0086365
-0.012451
-0.019409
0.02002
0.041046
0.0022583
-0.0056458
0.0075684
-0.012054
0.0030212
0.037048
0.046814
0.036133
0.053253
0.066681
0.028961
0.010864
0
-0.017792
-0.036011
-0.040833
-0.047394
-0.075104
-0.060791
-0.048706
-0.08017
-0.082611
-0.062469
-0.069672
-0.097046
-0.093628
-0.087891
-0.097076
-0.082825
-0.072723
-0.091614
-0.12744
-0.10861
-0.056976
-0.071228
-0.095947
-0.082062
-0.078308
-0.072662
-0.042755
0.017944
0.036285
0.015015
0.024872
0.0088806
-0.016205
-0.0014343
0.037598
0.051697
0.063599
0.094757
0.091461
0.064697
0.061279
0.055847
0.050934
0.059814
0.053223
0.075256
0.073822
0.048615
0.056549
0.049683
0.033936
0.056305
0.088196
0.057861
0.0017395
-0.0057068
-0.0042114
-0.01709
0.0016785
0.02002
0.010132
-0.0011292
-0.016815
-0.012146
-0.020447
-0.012085
0.0049438
-0.039276
-0.071503
-0.047333
-0.019226
-0.049774
-0.074127
-0.052765
-0.069275
-0.09256
-0.065735
-0.04248
-0.069672
-0.089325
-0.077789
-0.079681
-0.070709
-0.066071
-0.069458
-0.061676
-0.048035
-0.057983
-0.091736
-0.13211
-0.13428
-0.098145
-0.073883
-0.060303
-0.065125
-0.067627
-0.062927
-0.041962
-0.019684
-0.0041504
-0.01825
-0.025146
-0.012451
-0.015259
-0.0041199
0.014587
0.022278
0.030426
0.023621
-0.0071106
-0.038086
-0.045441
-0.029755
-0.029602
-0.043488
-0.028259
-0.011475
-0.036987
-0.052338
0.0030212
0.039429
-0.012482
-0.0099487
0.024261
0.0057983
0.0019531
0.044037
0.045593
0.0010376
0.0057068
0.020325
-0.01593
-0.053192
-0.043945
-0.044708
-0.073029
-0.081055
-0.065857
-0.054657
-0.054382
-0.025726
-0.0055542
-0.026154
-0.036713
-0.024963
-0.0051575
-0.00027466
-0.014404
-0.035858
-0.041595
-0.03775
-0.055054
-0.044312
-0.039948
-0.051117
-0.04599
-0.052582
-0.028961
-0.0038452
-0.029907
-0.019958
0.033813
0.034424
0.047699
0.098633
0.087555
0.02655
0.032043
0.08139
0.085815
0.070038
0.082855
0.09024
0.057495
0.059692
0.093872
0.097748
0.1012
0.11462
0.094421
0.054993
0.066284
0.11511
0.087036
0.02536
0.032135
0.030182
0.013702
0.05069
0.086029
0.066376
0.03183
0.027863
0.010651
-0.054718
-0.045227
0.0099792
-0.018646
-0.082581
-0.099426
-0.068146
-0.085632
-0.10712
-0.067474
-0.062744
-0.092651
-0.090912
-0.075073
-0.073212
-0.062103
-0.028992
-0.025604
-0.041992
-0.027496
-0.016205
-0.025604
-0.020691
-0.01236
-0.016235
-0.046814
-0.066223
-0.06897
-0.080078
-0.085327
-0.063965
-0.052887
-0.10846
-0.12921
-0.080017
-0.059479
-0.068237
-0.035034
0.02359
0.012848
0.020416
0.044464
0.0059814
0.013977
0.035675
-0.011353
-0.059753
-0.051971
-0.054779
-0.072754
-0.063843
-0.021271
-0.0088196
-0.05896
-0.050995
-0.0010986
0.017639
0.017029
0.045074
0.069
0.051178
0.054382
0.08075
0.056549
0.035217
0.040558
0.012573
0.015625
0.044189
0.023865
-0.034882
-0.073364
-0.05188
-0.022186
-0.028809
-0.031586
-0.030701
-0.049774
-0.07312
-0.064819
-0.045532
-0.022034
-0.023376
-0.056671
-0.06839
-0.066589
-0.068024
-0.074341
-0.098724
-0.076416
-0.029205
-0.033478
-0.03775
-0.013489
0.010223
0.019104
0.022705
0.027496
0.04422
0.065613
0.099609
0.11786
0.099243
0.094269
0.11041
0.14874
0.16385
0.12552
0.097565
0.073456
0.068115
0.10123
0.1095
0.091919
0.095367
0.13004
0.1217
0.10333
0.098114
0.067505
0.037445
0.036377
0.027527
-0.0018005
0.013123
0.057007
0.062134
0.023987
-0.0013428
-0.013245
-0.0063171
-0.00054932
0.012817
0.022247
-0.028717
-0.06665
-0.042877
-0.037903
-0.068512
-0.032074
-0.0056152
-0.050354
-0.055817
-0.037964
-0.071899
-0.080688
-0.038452
-0.010681
-0.0036621
-0.010315
-0.022827
-0.020142
-0.029877
-0.023529
0.0032043
-0.052338
-0.096893
-0.066895
-0.075226
-0.098633
-0.062073
-0.034302
-0.049408
-0.048706
-0.048096
-0.056335
-0.024139
0.00088501
0.02594
0.084564
0.096405
0.08606
0.08197
0.029236
0.012146
0.054108
0.046844
0.026855
0.026337
0.010559
0.0084534
0.03421
0.049561
0.024139
-0.014526
-0.0042725
0.021606
0.038208
0.037445
0.045685
0.090881
0.11606
0.12167
0.10391
0.083374
0.049561
0.015472
0.018951
-0.0076294
-0.030731
-0.011963
-0.01178
-0.025604
-0.033203
-0.05542
-0.070374
-0.088074
-0.10242
-0.084808
-0.057251
-0.045044
-0.058228
-0.052307
-0.025726
-0.018768
-0.034576
-0.065643
-0.068115
-0.052338
-0.072327
-0.085175
-0.046661
-0.04007
-0.041107
0.0047302
0.012726
0.0007019
0.02829
0.034943
-0.0081482
-0.01886
0.029205
0.051788
0.050781
0.066345
0.083649
0.063812
0.03421
0.037445
0.029633
0.031097
0.065216
0.060486
0.046417
0.04245
0.048401
0.060394
0.047546
0.043335
0.049194
0.022278
0.018921
0.02066
0.00073242
0.0042114
0.02774
0.06308
0.042816
0.024323
0.036682
0.018707
0.0054626
0.0051575
0.0023499
-0.020538
-0.065247
-0.06488
-0.040619
-0.051392
-0.067139
-0.057129
-0.043121
-0.056702
-0.061584
-0.058716
-0.076385
-0.066559
-0.022278
-0.017395
-0.038422
-0.034332
-0.006134
0.0055237
-0.0056458
0.01062
-0.0045471
-0.067993
-0.042419
-0.024231
-0.082275
-0.088959
-0.057373
-0.049713
-0.074158
-0.056305
0.0075073
0.0051575
-0.018707
0.022461
0.04718
0.045502
0.053802
0.050171
0.031555
0.02301
0.027649
-0.022247
-0.080383
-0.067291
-0.024628
0.0056152
0.0098267
0.010132
0.006073
-0.019836
-0.025513
0.002533
0.01889
0.02829
0.064056
0.074921
0.058563
0.073029
0.087067
0.060791
0.011414
0.023743
0.024414
-0.032135
-0.030273
-0.0072021
-0.02533
-0.052307
-0.029602
-0.0028381
-0.037384
-0.062378
-0.05072
-0.046906
-0.030396
-0.029419
-0.067078
-0.08316
-0.04892
-0.029816
-0.039642
-0.038086
-0.036835
-0.047729
-0.064972
-0.042938
0.00079346
0.010468
-0.025757
-0.016815
0.01651
-0.0075073
-0.017212
0.049866
0.072113
0.041107
0.053375
0.074005
0.071198
0.091309
0.13107
0.12842
0.090759
0.08252
0.097198
0.064392
0.052032
0.12051
0.13428
0.10291
0.12277
0.13757
0.12286
0.10516
0.10831
0.084747
0.055847
0.088776
0.096802
0.051788
0.045929
0.091217
0.08316
0.036072
0.046814
0.06189
-0.00042725
-0.036255
0.0084229
-0.0043945
-0.048798
-0.019562
0.011444
-0.024231
-0.049988
-0.013641
0.014709
-0.010284
-0.0039673
0.028198
0.024689
-0.022766
-0.021912
0.0020142
-0.0057678
0.032074
0.050079
0.00079346
-0.0242
0.02713
0.028015
-0.027313
-0.025238
-0.014038
-0.061554
-0.096985
-0.060211
-0.030701
-0.054749
-0.056946
-0.017242
-0.022675
-0.060516
-0.032806
0.027893
-0.0090027
-0.039642
-0.004425
-0.0082397
-0.033325
-0.037811
-0.026886
-0.0242
-0.042603
-0.052338
-0.034271
-0.035217
-0.039337
-0.013275
-0.0046387
0.0082092
0.044159
0.052216
0.028107
0.01474
0.033234
0.050385
0.07547
0.074219
0.027344
0.012665
0.038635
0.049957
0.011322
-0.02298
-0.013
-0.053467
-0.096161
-0.05011
-0.017426
-0.035706
-0.05777
-0.059448
-0.070557
-0.084167
-0.074066
-0.066193
-0.067749
-0.063385
-0.055145
-0.044708
-0.034821
-0.044067
-0.075958
-0.098206
-0.10529
-0.087799
-0.055481
-0.061829
-0.051056
0.0077515
-0.024902
-0.069336
-0.030823
0.00177
-0.009491
-0.005127
0.029938
0.014771
-0.0047302
0.044708
0.095428
0.073853
0.039124
0.036041
0.026489
0.0057678
0.012817
0.042755
0.033752
0.053894
0.089935
0.073975
0.069916
0.12659
0.13315
0.081451
0.11896
0.13773
0.047058
0.030731
0.11273
0.14645
0.10809
0.090302
0.090851
0.063507
0.045593
0.022461
0.030548
0.045258
0.021332
0.027863
0.025177
-0.0040588
0.018555
0.044098
0.023376
0.015472
0.007843
-0.0035706
-0.025238
-0.021057
0.0112
-0.0012512
-0.02359
-0.016388
-0.033112
-0.029907
-0.007843
-0.021942
-0.029907
-0.079315
-0.099121
-0.045532
-0.057007
-0.099304
-0.090179
-0.095398
-0.10962
-0.043518
-0.029022
-0.10861
-0.072205
0.0030823
-0.017456
-0.034332
0.0044861
0.028076
-0.0030212
-0.0083618
-0.011749
-0.052063
-0.075104
-0.046936
-0.029083
-0.041626
-0.04303
0.0047302
0.024384
-0.018677
-0.02597
-0.0038147
0.0041504
0.014954
0.048248
0.046997
0.017487
0.021057
0.021179
0.022064
0.048035
0.005249
-0.069183
-0.067352
-0.050323
-0.032074
-0.027802
-0.044067
-0.026917
-0.03775
-0.057556
-0.03894
-0.032898
-0.048279
-0.059937
-0.039368
-0.045319
-0.049683
-0.030396
-0.053223
-0.086792
-0.080353
-0.080231
-0.10132
-0.099121
-0.087799
-0.077911
-0.072754
-0.052032
-0.018494
-0.00085449
-0.0074768
-0.013947
0.013672
0.054535
0.069672
0.081909
0.072723
0.04953
0.053864
0.064728
0.087494
0.095642
0.079834
0.096527
0.10641
0.10434
0.11057
0.13898
0.14032
0.11172
0.10373
0.086761
0.094482
0.1088
0.10477
0.077484
0.070129
0.076324
0.030518
0.041229
0.10358
0.088898
0.063416
0.082092
0.090057
0.045837
0.033112
0.070557
0.045593
0.013977
0.0010681
-0.01059
-0.012665
-0.022614
-0.016235
-0.02243
-0.061035
-0.045502
0.0085754
9.1553e-05
-0.038208
-0.010071
0.013184
-0.04068
-0.029053
0.020569
-0.010986
-0.043793
-0.043823
-0.06897
-0.077911
-0.055084
-0.060211
-0.087341
-0.1127
-0.10428
-0.092041
-0.095123
-0.075531
-0.06012
-0.069855
-0.046631
0.0041504
0.021149
0.008728
0.017883
0.01651
-0.02417
-0.0014038
0.026245
-0.038208
-0.086731
-0.055756
-0.030975
-0.034637
-0.037567
-0.011932
0.03656
0.046509
0.04425
0.026703
0.0098572
0.027252
0.028717
0.051514
0.088348
0.1011
0.088409
0.078766
0.058929
0.032928
0.021423
-0.002533
0.012115
0.040833
0.0032043
-0.026154
0.004303
0.016022
-0.047882
-0.072388
-0.027802
-0.021759
-0.042938
-0.037323
-0.022766
-0.0096741
-0.0092773
-0.023651
-0.026367
-0.057373
-0.089325
-0.064606
-0.035187
-0.066315
-0.074463
-0.032349
0.0032043
0.014771
0.044128
0.039185
0.010071
0.043732
0.052246
0.044647
0.080383
0.10269
0.085693
0.090179
0.14172
0.11365
0.071564
0.10803
0.13339
0.095886
0.087311
0.15988
0.1571
0.10748
0.11813
0.11639
0.087128
0.049866
0.063049
0.077667
0.055786
0.085388
0.11526
0.076172
0.027069
0.029358
0.050629
0.04007
0.044922
0.069611
0.040405
-0.018494
-0.013428
0.016296
0.0026855
-0.025787
-0.028473
-0.034515
-0.057953
-0.049988
-0.033478
-0.064301
-0.097321
-0.08902
-0.097198
-0.11877
-0.095398
-0.059631
-0.056213
-0.04541
-0.041412
-0.047852
-0.064819
-0.06897
-0.052673
-0.080933
-0.092773
-0.07901
-0.11404
-0.11185
-0.057129
-0.081635
-0.12787
-0.12051
-0.10587
-0.10818
-0.074585
0.006073
0.034576
-0.0057983
-0.024628
0.01413
0.010559
-0.030029
-0.0070496
-0.0054932
-0.053253
-0.067871
-0.062592
-0.060638
-0.066376
-0.053925
-0.032806
-0.03186
-0.044312
-0.041565
-0.0081177
0.022247
0.028717
0.010468
0.0087585
0.018463
0.038666
0.019775
-0.029205
-0.01236
0.023315
0.0083313
-0.013947
-0.016479
-0.028625
-0.025269
-0.026978
-0.038971
-0.026337
-0.033905
-0.049194
-0.027893
-0.025391
-0.065918
-0.065582
-0.01825
-0.0068359
-0.027161
-0.02948
-0.050171
-0.071533
-0.073883
-0.10431
-0.13733
-0.096466
-0.052185
-0.095306
-0.12488
-0.077393
-0.04248
-0.053802
-0.058685
-0.0354
-0.017517
-0.01712
0.0077209
0.039398
0.03598
0.028137
0.040863
0.048676
0.033051
0.060699
0.08963
0.054199
0.039948
0.096039
0.094696
0.046997
0.073914
0.082153
0.044403
0.056824
0.08316
0.03949
0.029602
0.074554
0.050507
0.031342
0.031616
0.033966
0.053436
0.056915
0.056152
0.040588
0.017517
-0.0016174
-0.015686
-0.029236
-0.043915
-0.037506
-0.013885
-0.011536
-0.02597
-0.037018
-0.047668
-0.071442
-0.044128
-0.014008
-0.061401
-0.044708
0.019958
0.0058899
-0.039368
-0.0076904
0.023926
-0.036682
-0.071167
-0.043671
-0.051666
-0.10229
-0.12085
-0.097015
-0.10577
-0.13065
-0.10709
-0.078156
-0.13507
-0.1405
-0.052307
-0.046173
-0.092743
-0.064606
-0.01004
-0.023407
-0.046295
-0.024536
-0.011139
-0.032898
-0.061737
-0.041077
-0.026276
-0.05423
-0.050812
-0.024689
-0.032623
-0.03186
-0.011292
-0.0058899
0.0022583
0.024841
0.049255
0.037903
0.040039
0.079926
0.084625
0.083099
0.093384
0.086853
0.081879
0.093384
0.081207
0.026489
0.0093384
0.018219
0.0090942
0.0084229
0.01947
0.013489
-0.058441
-0.10626
-0.075653
-0.078705
-0.080292
-0.035614
-0.01062
-0.064819
-0.081757
-0.057037
-0.07016
-0.093201
-0.12836
-0.16058
-0.15018
-0.10583
-0.085754
-0.075134
-0.051788
-0.054413
-0.072815
-0.065521
-0.05957
-0.037231
0.0011902
-0.014099
-0.025452
0.005249
-0.0097961
0.013245
0.076904
0.096191
0.067627
0.056213
0.059479
0.056793
0.078064
0.075348
0.075714
0.094238
0.10349
0.1004
0.095764
0.074371
0.068665
0.086853
0.069427
0.062378
0.059082
0.021606
-0.0011597
0.04184
0.087494
0.068481
0.021667
0.042358
0.074158
0.050964
0.050873
0.039734
-0.007019
-0.052765
-0.034943
-0.00027466
-0.032013
-0.011322
0.032501
0.0013428
-0.024841
0.0047607
0.015594
-0.012299
0.0062561
0.017395
-0.028107
-0.022736
0.024811
0.017639
-0.025757
-0.018921
-0.0037842
-0.046082
-0.057495
-0.046448
-0.047272
-0.050049
-0.066772
-0.077728
-0.076447
-0.073669
-0.047668
-0.035126
-0.067535
-0.047028
0.020752
0.026886
0.015442
0.078491
0.10013
0.029755
0.017426
0.071075
0.051483
0.040009
0.083496
0.092072
0.069855
0.071198
0.088409
0.10004
0.08313
0.039124
0.067383
0.10941
0.10556
0.096863
0.089325
0.084961
0.10251
0.096588
0.040649
0.016998
0.014496
-0.0040894
0.011383
0.042633
0.0075378
-0.037842
-0.032623
-0.019135
-0.011749
0.012695
0.024353
0.0065918
-0.013367
-0.032867
-0.022339
0.0056763
0.015594
-0.0050964
-0.0042419
-0.018005
-0.03183
0.0020447
0.00021362
-0.030121
-0.021118
-0.020508
-0.074371
-0.088074
-0.024536
0.00088501
-0.022919
0.007782
0.043549
0.01413
0.011566
0.020355
0.032074
0.040131
0.027008
0.059723
0.096649
0.088928
0.092407
0.09494
0.097015
0.11545
0.13483
0.1106
0.098145
0.13885
0.13501
0.094971
0.090271
0.1311
0.12878
0.10275
0.13077
0.11652
0.06958
0.098785
0.13617
0.12579
0.12408
0.11209
0.090912
0.075165
0.0737
0.078857
0.070648
0.037872
0.0016479
-0.0075684
-0.029053
-0.028778
-0.013855
-0.029968
-0.031586
-0.016846
-0.038849
-0.067749
-0.058746
0.0028992
0.012939
-0.017975
0.04071
0.060364
-0.018768
-0.040619
-0.0060425
-0.038544
-0.07077
-0.038452
-0.040405
-0.07843
-0.096985
-0.0784
-0.065704
-0.089478
-0.086273
-0.060516
-0.066254
-0.070465
-0.038269
-0.032471
-0.042969
-0.002655
0.033386
0.012695
-0.0099182
-0.0030823
-0.03952
-0.073486
-0.042145
-0.041992
-0.061646
-0.038086
-0.01947
-0.042816
-0.04364
0.0049438
0.017242
-0.0032959
0.0089722
0.059753
0.083191
0.049591
0.052368
0.086639
0.06543
0.020203
0.014435
0.022339
0.0224
0.019653
0.01416
0.014496
-0.018616
-0.039276
-0.033417
-0.059052
-0.063599
-0.041779
-0.051514
-0.060303
-0.023346
-0.018433
-0.050232
-0.075806
-0.082977
-0.068848
-0.078308
-0.081787
-0.079224
-0.093994
-0.11743
-0.12201
-0.1232
-0.13602
-0.081207
-0.022888
-0.065674
-0.076294
-0.036438
-0.048889
-0.065887
-0.018616
0.0085449
-0.0074463
-0.0013428
0.018097
0.037048
0.053955
0.067993
0.085327
0.066406
0.034546
0.067108
0.10831
0.096954
0.084961
0.10324
0.066437
0.037781
0.084961
0.10324
0.090942
0.091522
0.046631
0.0080261
0.042267
0.052429
0.035339
0.048065
0.038452
0.03653
0.048004
0.017181
0.025879
0.061432
0.035919
0.0088501
0.002533
-0.025543
-0.051971
-0.022583
-0.0081177
-0.038116
-0.016571
0.031586
0.024567
-0.020447
-0.00076294
0.052338
0.039062
0.022858
0.04245
0.027924
-0.017059
-0.033234
-0.042053
-0.073975
-0.09024
-0.079041
-0.10947
-0.12555
-0.11392
-0.12231
-0.13303
-0.1254
-0.10406
-0.10931
-0.10812
-0.060852
-0.0092163
-0.018616
-0.034332
-0.013031
-0.026245
-0.031006
-0.011932
-0.04425
-0.084991
-0.049744
-0.0059509
-0.0030212
-0.0079346
-0.0046997
0.018921
0.038177
0.01651
-0.00073242
0.043304
0.071899
0.053741
0.051849
0.06427
0.066925
0.078766
0.095886
0.074615
0.053009
0.062775
0.054016
0.0092163
-0.00042725
0.0021362
-0.041016
-0.08075
-0.10336
-0.11105
-0.093781
-0.073975
-0.05127
-0.044434
-0.064484
-0.042389
-0.028259
-0.085815
-0.087036
-0.02829
-0.041748
-0.10428
-0.092468
-0.075226
-0.11121
-0.10007
-0.057098
-0.081451
-0.085114
-0.0090332
0.00033569
-0.03598
-0.031769
-0.031647
-0.042419
-0.027069
0.0053406
-0.0075073
-0.0075684
0.028839
0.029541
0.018188
0.031982
0.047882
0.027893
0.038147
0.069214
0.054718
0.036133
0.039917
0.070801
0.085938
0.070251
0.095612
0.095428
0.071838
0.087219
0.097504
0.073883
0.074402
0.10562
0.12372
0.10754
0.075775
0.095215
0.09436
0.049408
0.04541
0.08255
0.058289
-0.036072
-0.036194
-0.008606
-0.030914
-0.02005
-0.033264
-0.047974
-0.025635
-0.065094
-0.121
-0.089447
-0.058258
-0.07663
-0.082855
-0.059875
-0.051575
-0.048706
-0.045532
-0.067444
-0.056641
-0.077576
-0.12183
-0.10187
-0.083984
-0.1261
-0.14438
-0.1073
-0.10675
-0.13318
-0.12582
-0.081635
-0.049774
-0.04483
-0.037445
-0.01474
-0.012695
-0.014191
0.0026245
-0.018219
-0.038879
-0.030701
-0.047424
-0.039337
-0.010864
0.006958
0.0056458
0.0053101
0.018799
-0.0075684
-0.0354
0.010712
0.047821
0.025696
0.021912
0.07019
0.077789
0.05719
0.10526
0.14413
0.10663
0.048553
0.051117
0.054504
0.023895
-0.004303
-0.00094604
-0.0021973
-0.013824
-0.013702
-0.037598
-0.036133
-0.018585
-0.01709
-0.018982
-0.052704
-0.06601
-0.040192
-0.027893
-0.022186
0.010101
0.0055847
-0.051971
-0.079407
-0.073883
-0.079712
-0.070312
-0.029327
-0.03476
-0.063599
-0.049438
-0.0080566
0.0070801
0.010345
0.002533
-0.024414
-0.030609
0.017578
0.066406
0.053131
0.056091
0.079834
0.07428
0.062103
0.093872
0.11826
0.097412
0.082367
0.082855
0.080994
0.07663
0.098206
0.12448
0.10666
0.096649
0.11752
0.099579
0.096649
0.12939
0.125
0.10138
0.12903
0.17532
0.1629
0.14752
0.15793
0.12906
0.080719
0.053894
0.045715
0.03891
0.031189
0.037048
0.040894
0.013916
0.010681
0.031647
-0.00030518
-0.025879
-0.0061035
0.026733
-0.010681
-0.029724
0.043488
0.061768
0.010773
0.025848
0.063202
0.027344
-0.013123
0.0030823
0.0097961
-0.024811
-0.018005
-0.00085449
-0.062561
-0.10733
-0.085297
-0.052551
-0.065552
-0.075043
-0.043457
-0.036041
-0.042938
-0.026947
-0.0029907
-0.0025635
0.018372
0.041199
0.0022583
-0.032288
-0.032745
-0.035522
-0.030212
-0.012054
-0.00027466
-0.030151
-0.06308
-0.043152
0.0071106
0.038391
0.052765
0.055115
0.049469
0.047089
0.067139
0.092865
0.097321
0.10306
0.10147
0.10107
0.077515
0.075256
0.089874
0.047394
0.023102
0.029694
0.011017
0.0021667
0.021637
0.024933
-0.008667
-0.016663
-0.0022278
-0.020538
-0.041992
-0.044312
-0.042633
-0.05954
-0.090759
-0.073364
-0.042542
-0.058075
-0.061554
-0.04068
-0.058044
-0.090698
-0.07486
-0.055969
-0.092072
-0.08493
-0.022339
-0.058044
-0.098938
-0.060974
-0.041229
-0.063232
-0.055389
-0.046478
-0.048218
-0.02179
-0.0090942
-0.024841
-0.037903
-0.040009
-0.032959
-0.0097961
0.016693
0.0053101
0.016205
0.031281
0.021271
0.029297
0.026825
0.029205
0.054016
0.070251
0.048584
0.037933
0.060974
0.044617
0.022339
0.04837
0.074677
0.04776
0.025513
0.056824
0.071869
0.046417
0.058868
0.089813
0.057343
0.020386
0.023773
0.016449
0.027771
0.033356
0.021973
-0.0065613
-0.054871
-0.057404
-0.036652
-0.049744
-0.056274
-0.030975
-0.032532
-0.052765
-0.020599
-0.0068359
-0.052887
-0.070251
-0.061615
-0.058624
-0.050842
-0.031311
-0.043732
-0.085083
-0.0849
-0.082642
-0.10718
-0.094971
-0.067413
-0.059296
-0.077332
-0.076569
-0.027069
-0.01889
-0.054596
-0.042358
-0.010529
-0.017548
-0.020752
0.0074768
0.010742
-0.039764
-0.06012
-0.028381
-0.035461
-0.059204
-0.0084229
0.017334
-0.030823
-0.012878
0.018341
-0.025482
-0.0097656
0.079102
0.081696
0.051178
0.083496
0.11453
0.1033
0.094391
0.084656
0.059784
0.019501
0.0070801
0.042145
0.01001
-0.032776
0.0035095
0.049042
0.022217
-0.0093384
0.030151
0.0020447
-0.026855
0.015411
-0.001709
-0.061401
-0.066284
-0.065063
-0.072723
-0.053345
-0.041473
-0.058655
-0.078491
-0.094849
-0.13217
-0.1185
-0.07962
-0.041748
-0.0242
-0.065063
-0.07373
-0.023956
-0.0067444
-0.024536
-0.0075684
0.021973
0.017487
0.001709
-0.00057983
-0.0084534
-0.013947
0.021637
0.04541
0.023895
0.022369
0.063629
0.083099
0.057159
0.076111
0.11804
0.089203
0.041718
0.069641
0.11728
0.10571
0.12097
0.11224
0.061737
0.071045
0.11353
0.10117
0.072906
0.089478
0.090729
0.062195
0.049133
0.059692
0.069122
0.059631
0.049835
0.041779
0.022949
0.014893
0.041748
0.061401
0.044312
0.022919
0.022034
0.020477
0.015686
0.006897
0.0088501
0.018982
0.038208
0.049744
0.023651
0.0058594
-0.010712
-0.04306
-0.059814
-0.051453
-0.085358
-0.13205
-0.10223
-0.067566
-0.097778
-0.12906
-0.10593
-0.07724
-0.098602
-0.098053
-0.026184
-0.010132
-0.051208
-0.030945
-0.02478
-0.080414
-0.10065
-0.040741
-0.044983
-0.13165
-0.091217
-0.027527
-0.046417
-0.076172
-0.05658
-0.0098267
-0.015625
-0.02359
0.005188
0.048309
0.065216
0.082458
0.10416
0.11148
0.10583
0.11444
0.11124
0.080963
0.067291
0.061462
0.037811
0.023071
0.04068
0.023773
0.0020447
-0.006897
-0.012543
-0.01886
-0.010559
0.011658
0.0080566
0.027863
0.030304
-0.014099
-0.033142
-0.012054
-0.0032654
-0.024475
-0.03952
-0.045593
-0.081177
-0.11322
-0.10217
-0.079224
-0.087982
-0.059326
-0.018616
-0.039154
-0.063049
-0.054779
-0.05777
-0.049469
-0.010803
-0.0060425
-0.017334
-0.025177
-0.017914
-0.0036316
-0.0076294
-0.0011902
0.025604
0.042938
0.00073242
-0.014832
0.053162
0.090576
0.062958
0.085083
0.10779
0.069366
0.055634
0.082153
0.10971
0.09375
0.072845
0.076904
0.074738
0.068909
0.10654
0.13669
0.096069
0.091705
0.10788
0.095154
0.090027
0.095886
0.084442
0.051361
0.051666
0.05246
0.035065
0.028412
0.042725
0.057556
0.021423
-0.015656
-0.015594
-0.014099
-0.033234
-0.052155
-0.020111
-0.0096436
-0.0021667
0.020721
-0.0092773
-0.048584
-0.054077
-0.084412
-0.11731
-0.093262
-0.10342
-0.12878
-0.13596
-0.15839
-0.15802
-0.14746
-0.16241
-0.16711
-0.14218
-0.13843
-0.13287
-0.10538
-0.084137
-0.08783
-0.10403
-0.095856
-0.094452
-0.10065
-0.079773
-0.078278
-0.12119
-0.12903
-0.10815
-0.12708
-0.11606
-0.050293
-0.03479
-0.051239
-0.027222
-0.0090332
-0.03537
-0.020599
0.052734
0.069458
0.03714
0.042206
0.045319
0.023041
-0.010956
-0.0026855
0.024323
-0.010986
-0.017212
-0.0020142
-0.032043
-0.043518
-0.0098267
-0.010529
-0.044586
-0.029846
0.017456
0.0016785
-0.044617
-0.03717
-0.039581
-0.066528
-0.047852
-0.039093
-0.0914
-0.12299
-0.10138
-0.0979
-0.10071
-0.063293
-0.025452
-0.082031
-0.12665
-0.066345
-0.047363
-0.08844
-0.081909
-0.039307
-0.065582
-0.095306
-0.020752
0.025208
-0.031128
-0.039581
0.0064087
0.010071
0.0016174
0.0061646
0.010742
-0.002533
0.013733
0.045868
0.026398
0.031494
0.078156
0.08194
0.085022
0.11163
0.1058
0.083466
0.10486
0.12051
0.074402
0.029449
0.069275
0.11786
0.081848
0.075256
0.096832
0.067352
0.0099487
0.0090637
0.060577
0.047363
-0.021881
-0.013397
0.012512
-0.013611
0.004425
0.037811
0.024872
0.01181
0.013092
-0.016205
-0.05072
-0.021301
-0.0093079
-0.034149
-0.011383
0.039307
0.036346
-0.010712
-0.012207
0.020294
-0.013763
-0.095917
-0.11609
-0.078949
-0.090363
-0.12003
-0.11429
-0.11081
-0.11978
-0.11832
-0.11441
-0.099548
-0.087433
-0.042969
-0.012543
-0.021637
-0.025421
-0.054962
-0.062378
-0.055176
-0.056396
-0.051819
-0.069458
-0.06131
-0.03894
-0.059387
-0.0784
-0.057159
-0.029968
-0.032227
-0.019379
0.016785
0.0448
0.059784
0.11206
0.12357
0.10645
0.12726
0.12048
0.10339
0.098694
0.082245
0.075348
0.079193
0.06424
0.061401
0.049469
0.017883
0.019775
0.03894
0.0067444
-0.0038147
0.017792
0.019012
0.017487
0.014832
0.0068665
-0.030029
-0.027893
0.013489
-0.009552
-0.087158
-0.096466
-0.055695
-0.085663
-0.1218
-0.10794
-0.11017
-0.11792
-0.045776
0.0074768
-0.061951
-0.088196
-0.063873
-0.054932
-0.019104
0.0054626
0.017212
0.024719
0.032135
0.044708
0.050781
0.052246
0.054962
0.083557
0.088776
0.05542
0.045746
0.061646
0.078339
0.096558
0.10034
0.05603
0.045074
0.089447
0.1026
0.11285
0.112
0.078827
0.04187
0.046448
0.075409
0.076141
0.071899
0.051361
0.032562
0.012482
-0.0023804
0.019226
-0.003479
-0.052643
-0.04538
-0.048157
-0.072357
-0.08197
-0.079834
-0.097443
-0.10715
-0.074127
-0.063232
-0.095703
-0.0896
-0.02774
-0.018158
-0.040527
-0.014008
-0.012726
-0.045868
-0.029602
0.0037231
-0.02356
-0.063263
-0.069366
-0.069702
-0.077789
-0.12234
-0.12305
-0.088562
-0.11044
-0.12729
-0.10187
-0.085083
-0.10562
-0.070435
-0.010803
-0.029114
-0.032715
0.017822
0.028961
-0.015747
-0.037903
-0.020233
-0.030579
-0.042389
-0.023438
-0.033325
-0.037476
0.0010681
0.019684
0.00091553
-0.0010986
0.03653
0.059692
0.051971
0.089478
0.13113
0.11871
0.1084
0.12222
0.10001
0.057251
0.091125
0.095093
0.058075
0.0578
0.046021
0.0015564
-0.01181
0.025299
0.059906
0.051422
0.007019
0.01889
0.057739
0.028961
-0.00027466
0.014404
0.018311
0.0074768
-0.0038147
-0.012665
-0.010864
0.00012207
-0.026398
-0.038971
-0.011627
-0.0020447
-0.033234
-0.066772
-0.036255
-0.0015869
-0.023712
-0.034882
0.012024
0.016724
-0.0061035
0.028259
0.065216
0.026733
-0.0096741
0.046265
0.088135
0.069336
0.041016
0.03717
0.029205
0.024414
0.054962
0.085327
0.062469
0.043518
0.074524
0.07428
0.0737
0.11682
0.15256
0.16287
0.15359
0.1297
0.1124
0.12341
0.1272
0.13538
0.15555
0.15762
0.14426
0.12076
0.10904
0.117
0.13849
0.14511
0.10651
0.091766
0.11389
0.079376
0.049469
0.067505
0.06488
0.04425
0.04425
0.047546
0.031067
0.039337
0.062134
0.048615
0.025879
0.036316
0.031586
0.030334
0.036194
0.011108
-0.017212
-0.06189
-0.049347
-0.02475
-0.038818
-0.0336
-0.020721
-0.045319
-0.09314
-0.048126
-0.015015
-0.072357
-0.055664
0.0036926
-0.0032349
-0.037445
-0.00097656
0.028931
-0.021332
-0.031769
-0.027527
-0.040131
-0.052155
-0.050262
-0.032928
-0.052185
-0.057343
-0.018951
-0.0091858
-0.031189
-0.010498
0.028015
0.039368
0.023926
0.042511
0.0849
0.09021
0.091949
0.099945
0.10178
0.07901
0.081268
0.094666
0.037964
0.01532
0.051361
0.034058
0.035919
0.085999
0.061798
-0.0045776
0.0027771
0.031616
0.014893
-0.022888
-0.056671
-0.068451
-0.051941
-0.058807
-0.071136
-0.050964
-0.084167
-0.11945
-0.09314
-0.072083
-0.087189
-0.086273
-0.08905
-0.13638
-0.12384
-0.070068
-0.092987
-0.10345
-0.061798
-0.058716
-0.066193
-0.040222
-0.010468
0.020508
0.023163
0.022736
0.03653
0.030853
0.068542
0.10831
0.099426
0.068726
0.077759
0.078552
0.044128
0.081238
0.12985
0.11041
0.10028
0.1228
0.10953
0.0914
0.11426
0.11111
0.053528
0.054443
0.11957
0.15366
0.12012
0.05899
0.045563
0.019196
-0.0068359
0.044037
0.069824
0.023224
-0.0056152
0.022095
0.012146
-0.0072021
-0.0026245
-0.02243
-0.020508
-0.002655
-0.012878
-0.029053
0.0011292
0.038147
0.022705
-0.0057983
0.0046997
0.035217
0.02066
-0.02066
-0.038208
-0.049835
-0.074524
-0.10971
-0.11765
-0.11508
-0.13571
-0.12054
-0.12653
-0.17575
-0.17081
-0.12482
-0.13608
-0.15436
-0.1091
-0.091248
-0.10327
-0.088013
-0.078735
-0.081238
-0.089233
-0.10315
-0.095337
-0.096863
-0.092926
-0.081116
-0.096497
-0.086792
-0.034332
0.011414
0.013763
-0.014496
0.011505
0.040985
0.0021973
0.033203
0.10391
0.10754
0.089417
0.10638
0.1088
0.092407
0.11774
0.12109
0.068115
0.048615
0.068298
0.028107
-0.0085144
0.0092773
0.014221
0.0053711
-0.0007019
0.010101
0.017883
0.0045776
-0.010315
-0.0023499
-0.01358
-0.067444
-0.087311
-0.037323
-0.037933
-0.071564
-0.077301
-0.10446
-0.1235
-0.10025
-0.051605
-0.056488
-0.050598
-0.0271
-0.047607
-0.073151
-0.055939
0.0086975
-0.00082397
-0.033051
-0.0012207
0.009491
-0.03067
-0.044708
-0.011719
-0.034973
-0.052612
-0.029419
-0.027191
-0.025146
0.0054626
0.041138
0.028534
0.051971
0.085541
0.066437
0.040039
0.026428
0.041107
0.040283
0.0021057
-0.0012207
0.025238
0.021515
0.046661
0.08374
0.079529
0.064819
0.083984
0.079254
0.039001
0.04953
0.077332
0.056122
0.0448
0.061279
0.033386
0.018707
0.046173
0.033539
-0.0028076
-0.030151
-0.0058289
-0.010742
-0.039581
-0.030853
-0.043152
-0.073578
-0.068573
-0.04126
-0.058228
-0.083221
-0.074158
-0.070068
-0.11353
-0.16708
-0.15088
-0.13837
-0.17502
-0.18488
-0.15439
-0.18387
-0.21341
-0.16101
-0.13596
-0.15674
-0.13211
-0.077148
-0.098419
-0.11053
-0.047577
-0.051086
-0.10736
-0.091187
-0.057098
-0.10437
-0.1311
-0.09314
-0.10635
-0.10327
-0.043182
-0.010468
-0.018005
-0.050415
-0.02359
0.033752
0.032379
0.039886
0.063934
0.099701
0.11691
0.1265
0.15121
0.13986
0.1264
0.11609
0.10974
0.094757
0.098083
0.1001
0.082458
0.10403
0.10629
0.081482
0.080353
0.11441
0.11798
0.10223
0.11441
0.10794
0.12497
0.12204
0.088409
0.063965
0.029022
0.016479
-0.0038452
-0.02594
-0.0033569
-0.0065002
-0.033569
-0.052887
-0.082489
-0.036102
0.013
-0.034149
-0.038239
0.0271
-0.0042725
-0.062988
-0.026276
-0.00057983
-0.019623
-0.012604
0.021484
0.025818
0.014282
0.01355
-0.0061035
-0.013184
0.0065613
0.038269
0.056244
0.029968
0.025177
0.052582
0.049164
0.031708
0.045044
0.055542
0.049805
0.065613
0.047974
0.038147
0.074677
0.080536
0.082214
0.094147
0.10019
0.081329
0.047119
0.059723
0.080353
0.075775
0.086365
0.07782
0.064117
0.069763
0.079559
0.081024
0.072784
0.050598
0.040253
0.029022
0.017151
0.0061951
0.0028687
0.02594
0.034637
0.041138
0.059326
0.034149
-0.0027466
-0.0047913
-0.023529
-0.069397
-0.077332
-0.053497
-0.082123
-0.14148
-0.15405
-0.14789
-0.15643
-0.15558
-0.13483
-0.13098
-0.13852
-0.1015
-0.059265
-0.046722
-0.016632
0.0025024
-0.029541
-0.083679
-0.10873
-0.092346
-0.091461
-0.089661
-0.077301
-0.084686
-0.11603
-0.079681
-0.010498
-0.016388
0.0018616
0.032227
0.029572
0.045807
0.086395
0.12286
0.13486
0.15631
0.19803
0.15079
0.0737
0.10294
0.13776
0.11215
0.11151
0.1265
0.06781
0.013794
0.060333
0.09256
0.046051
0.050262
0.086731
0.066467
0.04184
0.048309
0.071289
0.059265
0.0037537
-0.014648
-0.014465
-0.03891
-0.024597
-0.0094604
-0.075165
-0.14868
-0.13449
-0.09906
-0.10687
-0.077087
-0.062531
-0.133
-0.14587
-0.090607
-0.064178
-0.097748
-0.11847
-0.076843
-0.10727
-0.12469
-0.048645
-0.011292
-0.054443
-0.079071
-0.048065
-0.050598
-0.081055
-0.05368
-0.027039
-0.065826
-0.049438
-0.012604
-0.028259
-0.034821
-0.0066833
-0.020538
-0.061066
-0.029388
0.017883
-0.0012817
-0.0077515
0.032623
0.069489
0.071991
0.047546
0.051788
0.052094
0.053131
0.061646
0.048492
0.0080872
0.0028992
0.038422
0.036865
0.033051
0.056732
0.031067
0.00177
0.019409
-0.00048828
-0.050812
-0.023438
0.072662
0.062347
-0.026367
-0.025024
0.023865
0.032135
0.00024414
-0.014008
-0.016846
-0.073486
-0.1355
-0.13474
-0.13715
-0.15649
-0.12775
-0.11014
-0.15927
-0.19165
-0.17761
-0.15179
-0.14566
-0.14651
-0.12747
-0.12766
-0.11624
-0.091125
-0.091064
-0.098938
-0.1142
-0.14468
-0.16464
-0.12497
-0.088196
-0.096985
-0.085571
-0.06427
-0.066223
-0.069489
-0.064789
-0.041321
-0.022217
-0.032349
-0.019623
0.0080566
0.020386
0.047394
0.077515
0.054962
0.025574
0.046997
0.046295
-0.0029907
-0.019989
0.00091553
-0.0018005
-0.013336
0.014313
0.029114
-0.0068359
-0.033966
-0.0085754
0.016663
0.0032349
-0.0091553
0.0224
0.0068054
-0.050171
-0.038605
0.0010071
-0.040497
-0.089294
-0.08725
-0.12598
-0.15689
-0.11469
-0.090363
-0.12674
-0.16144
-0.14667
-0.14594
-0.15927
-0.15533
-0.15921
-0.13831
-0.094391
-0.094971
-0.13174
-0.15292
-0.14774
-0.1149
-0.097107
-0.13254
-0.11746
-0.049774
-0.03064
-0.031097
-0.010345
0.010712
0.03241
0.044006
0.01123
-0.0062561
0.045593
0.074341
0.036652
0.043518
0.072052
0.045746
0.034729
0.071625
0.10666
0.10831
0.082458
0.070526
0.094666
0.091614
0.087128
0.12982
0.1236
0.048065
0.048859
0.10013
0.10443
0.085419
0.08371
0.09726
0.099182
0.095856
0.09317
0.07077
0.090057
0.13892
0.13815
0.11111
0.11102
0.1171
0.096191
0.085815
0.084961
0.040955
0.013397
-0.0038757
-0.056549
-0.056549
-0.031555
-0.027771
-0.065216
-0.13068
-0.12384
-0.1069
-0.11267
-0.077881
-0.033356
-0.023926
-0.061401
-0.041473
-0.0019531
-0.042572
-0.06015
-0.046997
-0.077728
-0.11328
-0.10699
-0.10239
-0.11636
-0.088135
0.0042114
0.039673
0.0075989
0.012909
0.0079956
0.0038452
0.034973
0.068359
0.07486
0.092255
0.1196
0.11005
0.089874
0.082245
0.090668
0.074371
0.048187
0.053802
0.044525
0.034485
0.041595
0.072083
0.080963
0.057343
0.081787
0.1012
0.091522
0.08371
0.067688
0.052795
0.033264
0.049347
0.046783
-0.0035706
-0.027222
-0.018585
-0.014557
-0.020447
-0.017517
-0.011993
-0.020172
-0.023346
-0.017731
-0.026184
-0.060181
-0.035095
0.0095215
-0.010193
-0.038391
-0.013123
0.031097
0.01474
-0.023132
-0.015564
0.0022583
-0.032684
-0.060516
-0.046783
-0.016937
-0.010223
-0.018982
-0.0039978
0.018616
0.040344
0.040985
0.036041
0.047821
0.040588
0.010468
0.0045776
0.025818
0.050537
0.042938
0.029388
0.064423
0.084808
0.057861
0.067017
0.094818
0.067871
0.05899
0.079071
0.084747
0.066956
0.054413
0.085052
0.11099
0.095184
0.09201
0.059784
0.014557
0.041504
0.084229
0.060852
0.046692
0.06369
0.06778
0.066681
0.069153
0.088806
0.059113
0.047272
0.05777
0.020782
-0.042725
-0.069977
-0.041992
-0.043488
-0.090973
-0.10764
-0.11044
-0.14841
-0.15918
-0.12045
-0.11389
-0.11096
-0.069397
-0.083771
-0.1304
-0.1069
-0.072388
-0.075958
-0.068787
-0.064972
-0.068115
-0.070496
-0.10953
-0.13144
-0.098602
-0.089417
-0.10721
-0.093292
-0.069855
-0.067841
-0.04599
-0.022919
-0.030426
-0.0083618
0.041077
0.057159
0.063843
0.078278
0.084991
0.084778
0.033905
0.0033569
0.041351
0.049042
0.039337
0.020782
0.010162
0.031097
0.064453
0.052094
0.033508
0.07663
0.068756
0.038788
0.048523
0.070709
0.074097
0.065765
0.066406
0.036224
0.0095825
0.017212
0.029968
0.013794
-0.016174
-0.036896
-0.04303
-0.046692
-0.036652
0.011322
0.01358
-0.038086
-0.054688
-0.029083
-0.034851
-0.046173
-0.011383
-0.00354
-0.029572
-0.047821
-0.038116
-0.015015
-0.012665
0.0085449
0.023193
-0.0036621
-0.0059509
-0.0035706
-0.022827
-0.0039062
0.019623
0.0041199
0.0054932
0.038879
0.064789
0.062347
0.068604
0.10132
0.090332
0.073395
0.09787
0.12146
0.098145
0.10165
0.15558
0.11099
0.043152
0.087952
0.15842
0.14471
0.10535
0.10962
0.10739
0.089966
0.10971
0.13974
0.1246
0.095398
0.12381
0.12457
0.082397
0.10733
0.14902
0.14502
0.11697
0.12766
0.11877
0.06778
0.055298
0.075745
0.044067
-0.027557
-0.030945
-0.023682
-0.055054
-0.073975
-0.08429
-0.09198
-0.088989
-0.075531
-0.067963
-0.078217
-0.078857
-0.063812
-0.054749
-0.090118
-0.091766
-0.057587
-0.065247
-0.070496
-0.11942
-0.15503
-0.16147
-0.16431
-0.13324
-0.1217
-0.12241
-0.11191
-0.11224
-0.1087
-0.053619
-0.033295
-0.045868
-0.010437
0.033997
0.064423
0.063538
0.063477
0.10739
0.1384
0.13486
0.11584
0.091553
0.1004
0.13623
0.16248
0.12527
0.060638
0.087189
0.13065
0.11777
0.10764
0.12115
0.10559
0.085449
0.10052
0.087311
0.084991
0.10303
0.088165
0.046387
0.026184
0.016357
-0.0026855
-0.0073242
-0.029907
-0.057648
-0.05481
-0.050385
-0.011902
-0.020935
-0.071503
-0.042969
-0.016388
-0.065613
-0.096039
-0.050537
-0.05307
-0.085327
-0.0383
0.015259
-0.0024109
-0.014343
-0.033264
-0.046448
-0.031586
-0.035339
-0.029053
-0.024231
-0.044739
-0.026245
0.0022278
-0.0159
-0.0097351
0.026123
0.027985
-0.0050659
-0.0019531
0.020996
0.021149
0.012512
0.047058
0.084167
0.059998
0.050873
0.086609
0.08252
0.092865
0.13043
0.12503
0.11075
0.12189
0.12579
0.081024
0.08075
0.13959
0.14087
0.068237
0.059357
0.093292
0.08429
0.081085
0.10233
0.10092
0.065002
0.06662
0.066071
0.048218
0.052185
0.027557
-0.0097351
-0.029083
-0.039917
-0.075989
-0.10498
-0.1142
-0.11636
-0.12625
-0.13556
-0.10623
-0.097626
-0.11935
-0.098999
-0.094604
-0.10297
-0.067413
-0.05896
-0.07486
-0.093597
-0.1055
-0.088135
-0.09317
-0.10568
-0.10565
-0.10031
-0.072937
-0.07782
-0.10831
-0.092407
-0.042786
-0.027222
-0.037292
-0.0048218
0.023376
0.0020142
0.0061646
0.054413
0.10345
0.11441
0.096619
0.091614
0.1011
0.10468
0.10562
0.10818
0.079895
0.053406
0.075317
0.093842
0.064606
0.052429
0.055573
0.067871
0.084961
0.084564
0.083771
0.0625
0.054596
0.056213
0.066406
0.064087
0.01828
-0.0040894
-0.0017395
-0.023712
-0.042358
-0.017761
0.0041504
-0.020996
-0.016418
-0.0030518
-0.045288
-0.059906
-0.017334
-0.0041504
-0.021545
-0.0037537
-0.0032959
-0.054321
-0.052704
-0.0028992
0.0039673
-0.024811
-0.038177
-0.017914
-0.0080261
-0.028992
-0.038879
-0.0224
0.0080872
0.037018
0.05365
0.041351
0.018311
0.025574
0.0092163
0.0029907
0.049072
0.054565
0.022156
0.015717
0.055573
0.087311
0.086914
0.088989
0.098114
0.11267
0.10721
0.089905
0.097137
0.082214
0.045502
0.049957
0.072693
0.066528
0.071228
0.10535
0.081787
0.04837
0.058136
0.069275
0.063232
0.056915
0.059906
0.065613
0.052185
0.046661
0.059448
0.030609
-0.0034485
-0.010437
-0.0052795
-0.050323
-0.078064
-0.059937
-0.050018
-0.060242
-0.09024
-0.10315
-0.10464
-0.080627
-0.093689
-0.14612
-0.12067
-0.068268
-0.069885
-0.081451
-0.064423
-0.055817
-0.083893
-0.090576
-0.075378
-0.11584
-0.14359
-0.12396
-0.11642
-0.13858
-0.14801
-0.093689
-0.082275
-0.10263
-0.073547
-0.044373
-0.043365
-0.035706
0.0089722
0.016785
0.029083
0.06366
0.048706
0.051666
0.072754
0.061798
0.051666
0.072327
0.10287
0.095764
0.079071
0.064819
0.077911
0.056488
0.016235
0.070282
0.09082
0.068115
0.08429
0.11826
0.093842
0.040375
0.03418
0.028473
-0.017242
-0.028076
-0.0045166
-0.016785
-0.046753
-0.030151
-0.0095215
-0.024231
-0.019562
0.0054626
-0.020081
-0.067505
-0.052734
-0.015839
-0.0020447
-0.0090942
-0.014465
-0.025421
-0.045166
-0.02655
0.015961
0.019104
-0.018585
-0.030426
-0.018219
-0.0022888
0.0014648
0.010193
0.027008
0.0087585
0.0096741
0.0059814
-0.015198
0.0084229
0.046509
0.035736
0.011078
0.027771
0.044647
0.02478
0.032471
0.1062
0.14401
0.1228
0.090851
0.088257
0.087982
0.083618
0.10754
0.098785
0.054596
0.056976
0.096558
0.11374
0.11301
0.12622
0.1084
0.071198
0.08606
0.10297
0.08194
0.088867
0.11337
0.11362
0.10663
0.10895
0.13657
0.13745
0.093903
0.10303
0.10052
0.032867
-0.002533
0.0056458
0.0051575
-0.016205
-0.047089
-0.055328
-0.064606
-0.080231
-0.064697
-0.044617
-0.066437
-0.067017
-0.071472
-0.1008
-0.069031
-0.042694
-0.077576
-0.12973
-0.14136
-0.1225
-0.14667
-0.16855
-0.13138
-0.11017
-0.12289
-0.12738
-0.10968
-0.099304
-0.10947
-0.088348
-0.053101
-0.053497
-0.050568
-0.011688
0.041473
0.074402
0.080231
0.071899
0.061523
0.065369
0.062836
0.043091
0.02478
0.05603
0.062378
0.0072632
0.032745
0.10345
0.087799
0.083618
0.097412
0.072601
0.057068
0.080994
0.093292
0.061066
0.045044
0.06897
0.096527
0.078613
0.050171
0.02652
-0.010986
-0.019775
0.019531
0.024994
0.0023193
0.051819
0.076874
0.016479
0.0014038
0.042877
0.033417
0.0095215
0.028259
0.024658
-0.036621
-0.065765
-0.038727
-0.022614
-0.02063
-0.035645
-0.047638
-0.0354
-0.029297
-0.039886
-0.024445
-0.016327
-0.039276
-0.039276
-0.027466
-0.043732
-0.071014
-0.048431
-0.0083618
-0.0093994
-0.034668
-0.040009
-0.0019226
-0.0045776
-0.035095
-0.007019
0.018463
0.0070801
0.012939
0.028595
0.023193
0.043854
0.048706
0.019135
0.041748
0.043762
0.0039978
0.026642
0.046356
0.029236
0.035767
0.065155
0.042847
0.00054932
0.038605
0.052643
0.026825
0.040222
0.062073
0.040558
-0.013092
-0.020844
-0.016968
-0.046661
-0.059418
-0.063599
-0.075409
-0.076965
-0.079071
-0.081177
-0.12177
-0.17828
-0.17172
-0.14905
-0.16904
-0.17206
-0.12805
-0.1376
-0.18268
-0.15213
-0.13507
-0.18286
-0.17538
-0.16922
-0.22607
-0.25543
-0.24649
-0.24011
-0.23758
-0.20901
-0.16953
-0.17764
-0.19193
-0.15311
-0.13327
-0.13452
-0.1059
-0.060516
-0.050507
-0.063934
-0.016144
0.018799
-0.027191
-0.054962
-0.020996
-0.018463
-0.032593
0.0087891
-0.02948
-0.080597
-0.016571
0.046478
0.040833
0.03894
0.060913
0.043274
0.021057
0.048218
0.065552
0.048615
0.03949
0.04541
0.036407
0.0054626
0.024872
0.048279
0.0057983
-0.038177
-0.026733
-0.0018005
-0.015869
-0.025635
-0.014526
-0.037201
-0.06308
-0.038635
-0.027008
-0.088654
-0.12903
-0.10144
-0.091339
-0.12296
-0.11664
-0.066071
-0.066498
-0.10321
-0.112
-0.10809
-0.11649
-0.12137
-0.097748
-0.058655
-0.057007
-0.055817
-0.053894
-0.066589
-0.048035
-0.057251
-0.076691
-0.052307
-0.039948
-0.092529
-0.077667
-0.0052795
0.0037231
0.011841
0.032898
0.023132
0.0047302
-0.01062
-0.0050354
0.028931
0.012817
-0.010864
0.013123
0.018036
0.02124
0.037354
0.042755
0.030426
0.011169
0.017029
0.016022
-0.010681
0.0054321
0.05658
0.051941
0.035492
0.068573
0.084778
0.06955
0.083923
0.060974
0.016632
0.0075684
-0.0096741
-0.0090332
-0.028809
-0.062714
-0.047607
-0.038971
-0.078705
-0.089874
-0.07077
-0.08609
-0.084473
-0.069733
-0.063385
-0.084473
-0.093719
-0.088837
-0.11789
-0.11584
-0.10892
-0.13882
-0.15213
-0.09137
-0.06427
-0.13464
-0.15012
-0.084717
-0.048401
-0.061066
-0.059235
-0.024719
0.01416
0.022583
0.038269
0.084656
0.079102
0.0737
0.12888
0.14429
0.099579
0.099243
0.12686
0.11313
0.12024
0.11685
0.071075
0.098633
0.14832
0.12775
0.087708
0.10532
0.1178
0.10211
0.10587
0.12619
0.1377
0.12366
0.13544
0.14893
0.11298
0.099548
0.11938
0.086517
0.052643
0.067505
0.064972
0.015961
0.0005188
0.047485
0.068542
0.011108
-0.021484
0.030975
0.039673
-0.0099792
-0.0092773
0.0092163
-0.053467
-0.061859
-0.0089722
-0.013
-0.025116
-0.021729
-0.0076904
-0.035583
-0.057373
-0.0097351
-0.013397
-0.07489
-0.058594
-0.010315
-0.0578
-0.088776
-0.042572
-0.029846
-0.042389
-0.023804
-0.054474
-0.069305
0.011383
0.027161
-0.0072632
0.0075989
0.036316
0.044464
0.028015
0.004364
0.015228
0.049805
0.023987
0.031219
0.10593
0.1011
0.061005
0.086212
0.088837
0.060699
0.074524
0.085449
0.089203
0.095215
0.12061
0.13614
0.12469
0.14978
0.16727
0.14441
0.11932
0.11569
0.12756
0.08786
0.02478
0.022308
0.029633
-0.021576
-0.040955
-0.027191
-0.049652
-0.059875
-0.03891
-0.045593
-0.071533
-0.050446
-0.02536
-0.051727
-0.047363
-0.015839
-0.03125
-0.045959
-0.03421
-0.030151
-0.074677
-0.10815
-0.10144
-0.11072
-0.11154
-0.089691
-0.065857
-0.057892
-0.049866
-0.043091
-0.041718
-0.04599
-0.021454
0.054352
0.085358
0.049225
0.052032
0.099701
0.082489
0.069336
0.076843
0.054779
0.064392
0.094055
0.1048
0.080017
0.078186
0.10654
0.098724
0.082214
0.10199
0.12787
0.10629
0.10156
0.11435
0.10657
0.10034
0.11093
0.15057
0.16489
0.1586
0.13068
0.10666
0.11591
0.11456
0.080933
0.033722
0.051819
0.10861
0.090332
0.052155
0.072845
0.088043
0.04361
0.019196
0.056915
0.056671
0.003418
-0.0014038
0.010864
-0.010437
-0.011322
0.008667
0.0045166
0.00033569
0.047455
0.057922
-0.0028381
-0.022644
0.020691
0.017609
-0.018066
0.014404
0.032623
0.012665
0.028015
0.042664
0.033234
0.019104
0.063568
0.11499
0.097321
0.061829
0.058044
0.062744
0.066132
0.086945
0.11319
0.1062
0.07724
0.10016
0.12164
0.11761
