-1,20,40,61,81,102,123,143,164,184,205,
411,431,452,473,493,514,534,555,575,596,617,
822,843,863,884,905,925,946,966,987,1007,1028,
1233,1254,1274,1295,1316,1336,1357,1377,1398,1418,1439,
1644,1664,1685,1705,1726,1746,1767,1787,1807,1828,1848,
2053,2073,2094,2114,2135,2155,2175,2196,2216,2237,2257,
2461,2481,2501,2522,2542,2563,2583,2603,2624,2644,2664,
2867,2887,2908,2928,2948,2968,2989,3009,3029,3049,3070,
3272,3292,3312,3332,3352,3373,3393,3413,3433,3453,3473,
3674,3694,3714,3734,3754,3774,3794,3815,3835,3855,3875,
4074,4094,4114,4134,4154,4174,4194,4214,4234,4254,4273,
4472,4492,4512,4531,4551,4571,4591,4610,4630,4650,4670,
4867,4886,4906,4926,4945,4965,4985,5004,5024,5043,5063,
5258,5278,5297,5317,5336,5356,5375,5395,5414,5434,5453,
5647,5666,5685,5705,5724,5743,5763,5782,5801,5820,5840,
6032,6051,6070,6089,6108,6127,6146,6165,6184,6203,6222,
6412,6431,6450,6469,6488,6507,6526,6545,6564,6583,6601,
6789,6808,6827,6846,6864,6883,6902,6920,6939,6958,6976,
7162,7181,7199,7218,7236,7254,7273,7291,7310,7328,7347,
7530,7548,7567,7585,7603,7621,7640,7658,7676,7694,7712,
7893,7912,7930,7948,7966,7984,8002,8020,8037,8055,8073,
8252,8270,8287,8305,8323,8341,8358,8376,8394,8411,8429,
8605,8623,8640,8658,8675,8692,8710,8727,8745,8762,8780,
8953,8970,8987,9004,9022,9039,9056,9073,9090,9107,9124,
9295,9312,9329,9346,9362,9379,9396,9413,9430,9447,9464,
9631,9648,9664,9681,9697,9714,9731,9747,9764,9780,9797,
9961,9977,9994,10010,10026,10043,10059,10075,10091,10108,10124,
10285,10301,10317,10333,10349,10365,10381,10397,10413,10428,10444,
10602,10618,10633,10649,10665,10680,10696,10712,10727,10743,10758,
10913,10928,10943,10959,10974,10989,11005,11020,11035,11050,11065,
11216,11231,11246,11261,11276,11291,11306,11321,11336,11351,11366,
11513,11528,11542,11557,11571,11586,11601,11615,11630,11644,11659,
11802,11817,11831,11845,11859,11874,11888,11902,11916,11930,11944,
12084,12098,12112,12126,12140,12154,12167,12181,12195,12209,12222,
12358,12372,12385,12399,12412,12426,12439,12453,12466,12479,12493,
12625,12638,12651,12664,12677,12690,12703,12716,12729,12742,12755,
12883,12896,12909,12921,12934,12947,12959,12972,12984,12997,13010,
13134,13146,13158,13171,13183,13195,13207,13219,13232,13244,13256,
13376,13388,13399,13411,13423,13435,13447,13458,13470,13482,13494,
13609,13621,13632,13644,13655,13666,13678,13689,13700,13712,13723,
13834,13845,13856,13867,13878,13889,13900,13911,13922,13933,13943,
14050,14061,14072,14082,14093,14103,14114,14124,14134,14145,14155,
14258,14268,14278,14288,14298,14308,14318,14328,14338,14348,14358,
14456,14466,14475,14485,14495,14504,14514,14523,14533,14542,14552,
14645,14655,14664,14673,14682,14691,14700,14709,14718,14727,14736,
14825,14834,14843,14851,14860,14869,14877,14886,14895,14903,14912,
14996,15004,15012,15021,15029,15037,15045,15053,15061,15070,15078,
15157,15165,15173,15180,15188,15196,15203,15211,15219,15226,15234,
15308,15316,15323,15330,15338,15345,15352,15359,15366,15373,15381,
15450,15457,15464,15471,15478,15484,15491,15498,15504,15511,15518,
15582,15589,15595,15601,15608,15614,15620,15626,15632,15639,15645,
15705,15710,15716,15722,15728,15734,15739,15745,15751,15756,15762,
15817,15822,15828,15833,15838,15843,15849,15854,15859,15864,15869,
15919,15924,15929,15934,15939,15943,15948,15953,15957,15962,15967,
16012,16016,16020,16024,16029,16033,16037,16041,16046,16050,16054,
16094,16097,16101,16105,16109,16113,16116,16120,16124,16127,16131,
16166,16169,16172,16176,16179,16182,16185,16188,16192,16195,16198,
16227,16230,16233,16236,16238,16241,16244,16247,16249,16252,16254,
16279,16281,16283,16286,16288,16290,16292,16294,16297,16299,16301,
16320,16322,16324,16325,16327,16329,16330,16332,16334,16335,16337,
16351,16352,16354,16355,16356,16357,16358,16359,16360,16362,16363,
16372,16372,16373,16374,16374,16375,16376,16376,16377,16377,16378,
16382,16382,16382,16382,16383,16383,16383,16383,16383,16383,16383,
16382,16381,16381,16381,16380,16380,16380,16379,16379,16378,16378,
16371,16370,16370,16369,16368,16367,16366,16365,16364,16363,16362,
16350,16349,16348,16346,16345,16344,16342,16341,16339,16338,16336,
16319,16317,16315,16314,16312,16310,16308,16306,16304,16302,16300,
16278,16275,16273,16271,16268,16266,16263,16261,16258,16256,16253,
16226,16223,16220,16217,16214,16211,16208,16205,16202,16199,16196,
16164,16161,16157,16154,16150,16147,16143,16140,16136,16133,16129,
16092,16088,16084,16080,16076,16072,16068,16064,16060,16056,16052,
16009,16005,16001,15996,15992,15987,15983,15978,15974,15969,15964,
15917,15912,15907,15902,15897,15892,15887,15882,15877,15872,15867,
15814,15809,15803,15798,15793,15787,15782,15776,15770,15765,15759,
15702,15696,15690,15684,15678,15672,15666,15660,15654,15648,15642,
15579,15573,15566,15560,15554,15547,15541,15534,15527,15521,15514,
15447,15440,15433,15426,15419,15412,15405,15398,15391,15384,15377,
15305,15297,15290,15283,15275,15268,15260,15253,15245,15238,15230,
15153,15145,15137,15129,15122,15114,15106,15098,15090,15082,15074,
14992,14983,14975,14967,14958,14950,14941,14933,14924,14916,14907,
14821,14812,14803,14794,14786,14777,14768,14759,14750,14741,14732,
14641,14631,14622,14613,14604,14594,14585,14575,14566,14557,14547,
14451,14442,14432,14422,14412,14402,14393,14383,14373,14363,14353,
14253,14243,14232,14222,14212,14202,14191,14181,14171,14160,14150,
14045,14035,14024,14013,14003,13992,13981,13970,13960,13949,13938,
13829,13818,13807,13795,13784,13773,13762,13751,13740,13728,13717,
13604,13592,13581,13569,13557,13546,13534,13523,13511,13499,13488,
13370,13358,13346,13334,13322,13310,13298,13286,13274,13262,13250,
13128,13115,13103,13090,13078,13066,13053,13041,13028,13016,13003,
12877,12864,12852,12839,12826,12813,12800,12787,12775,12762,12749,
12618,12605,12592,12579,12566,12552,12539,12526,12513,12499,12486,
12352,12338,12325,12311,12297,12284,12270,12257,12243,12229,12215,
12077,12063,12049,12035,12021,12007,11993,11979,11965,11951,11937,
11795,11781,11767,11752,11738,11724,11709,11695,11680,11666,11651,
11506,11491,11476,11462,11447,11432,11417,11403,11388,11373,11358,
11209,11194,11179,11164,11149,11134,11118,11103,11088,11073,11058,
10905,10890,10874,10859,10843,10828,10813,10797,10782,10766,10751,
10594,10579,10563,10547,10531,10516,10500,10484,10468,10452,10436,
10277,10261,10245,10229,10213,10196,10180,10164,10148,10132,10116,
9953,9936,9920,9904,9887,9871,9854,9838,9821,9805,9789,
9623,9606,9589,9573,9556,9539,9522,9506,9489,9472,9455,
9286,9269,9252,9235,9218,9201,9184,9167,9150,9133,9116,
8944,8927,8910,8892,8875,8858,8840,8823,8806,8788,8771,
8596,8579,8561,8544,8526,8508,8491,8473,8456,8438,8420,
8243,8225,8207,8190,8172,8154,8136,8118,8100,8082,8064,
7884,7866,7848,7830,7812,7794,7776,7758,7740,7722,7703,
7521,7503,7484,7466,7448,7429,7411,7393,7374,7356,7337,
7153,7134,7116,7097,7079,7060,7041,7023,7004,6986,6967,
6780,6761,6743,6724,6705,6686,6667,6649,6630,6611,6592,
6403,6384,6365,6346,6327,6308,6289,6270,6251,6232,6213,
6022,6003,5984,5964,5945,5926,5907,5888,5868,5849,5830,
5637,5618,5598,5579,5560,5540,5521,5501,5482,5463,5443,
5249,5229,5210,5190,5171,5151,5131,5112,5092,5073,5053,
4857,4837,4817,4798,4778,4758,4739,4719,4699,4680,4660,
4462,4442,4422,4403,4383,4363,4343,4323,4303,4283,4264,
4064,4044,4024,4004,3985,3965,3945,3925,3905,3885,3865,
3664,3644,3624,3604,3584,3564,3544,3524,3503,3483,3463,
3262,3241,3221,3201,3181,3161,3140,3120,3100,3080,3060,
2857,2837,2816,2796,2776,2756,2735,2715,2695,2674,2654,
2451,2430,2410,2390,2369,2349,2328,2308,2288,2267,2247,
2043,2022,2002,1981,1961,1940,1920,1900,1879,1859,1838,
1633,1613,1592,1572,1551,1531,1510,1490,1469,1449,1428,
1223,1203,1182,1162,1141,1120,1100,1079,1059,1038,1018,
812,792,771,750,730,709,689,668,648,627,606,
401,380,359,339,318,298,277,256,236,215,195,
-11,-32,-52,-73,-94,-114,-135,-155,-176,-197,-217,
-423,-444,-464,-485,-505,-526,-547,-567,-588,-608,-629,
-835,-855,-876,-896,-917,-937,-958,-979,-999,-1020,-1040,
-1246,-1266,-1287,-1307,-1328,-1348,-1369,-1389,-1410,-1430,-1451,
-1656,-1676,-1697,-1717,-1738,-1758,-1779,-1799,-1820,-1840,-1861,
-2065,-2086,-2106,-2126,-2147,-2167,-2188,-2208,-2228,-2249,-2269,
-2473,-2493,-2514,-2534,-2554,-2575,-2595,-2615,-2636,-2656,-2676,
-2879,-2900,-2920,-2940,-2960,-2981,-3001,-3021,-3041,-3062,-3082,
-3284,-3304,-3324,-3344,-3364,-3385,-3405,-3425,-3445,-3465,-3485,
-3686,-3706,-3726,-3746,-3766,-3786,-3806,-3827,-3847,-3867,-3887,
-4086,-4106,-4126,-4146,-4166,-4186,-4206,-4226,-4246,-4266,-4285,
-4484,-4504,-4523,-4543,-4563,-4583,-4603,-4622,-4642,-4662,-4682,
-4879,-4898,-4918,-4937,-4957,-4977,-4996,-5016,-5036,-5055,-5075,
-5270,-5290,-5309,-5329,-5348,-5367,-5387,-5406,-5426,-5445,-5465,
-5658,-5678,-5697,-5716,-5736,-5755,-5774,-5793,-5813,-5832,-5851,
-6043,-6062,-6081,-6100,-6120,-6139,-6158,-6177,-6196,-6215,-6234,
-6424,-6443,-6462,-6481,-6500,-6519,-6537,-6556,-6575,-6594,-6613,
-6801,-6820,-6838,-6857,-6876,-6894,-6913,-6932,-6950,-6969,-6988,
-7173,-7192,-7210,-7229,-7247,-7266,-7284,-7303,-7321,-7339,-7358,
-7541,-7560,-7578,-7596,-7614,-7633,-7651,-7669,-7687,-7705,-7724,
-7905,-7923,-7941,-7959,-7977,-7995,-8013,-8030,-8048,-8066,-8084,
-8263,-8281,-8298,-8316,-8334,-8352,-8369,-8387,-8405,-8422,-8440,
-8616,-8633,-8651,-8668,-8686,-8703,-8721,-8738,-8755,-8773,-8790,
-8963,-8981,-8998,-9015,-9032,-9049,-9067,-9084,-9101,-9118,-9135,
-9305,-9322,-9339,-9356,-9373,-9390,-9407,-9424,-9440,-9457,-9474,
-9641,-9658,-9675,-9691,-9708,-9724,-9741,-9757,-9774,-9791,-9807,
-9971,-9988,-10004,-10020,-10036,-10053,-10069,-10085,-10101,-10118,-10134,
-10295,-10311,-10327,-10343,-10359,-10375,-10391,-10407,-10422,-10438,-10454,
-10612,-10628,-10643,-10659,-10675,-10690,-10706,-10721,-10737,-10753,-10768,
-10922,-10938,-10953,-10968,-10984,-10999,-11014,-11029,-11045,-11060,-11075,
-11226,-11241,-11256,-11271,-11286,-11301,-11316,-11330,-11345,-11360,-11375,
-11522,-11537,-11552,-11566,-11581,-11595,-11610,-11624,-11639,-11653,-11668,
-11812,-11826,-11840,-11854,-11868,-11883,-11897,-11911,-11925,-11939,-11953,
-12093,-12107,-12121,-12135,-12149,-12162,-12176,-12190,-12204,-12217,-12231,
-12367,-12381,-12394,-12408,-12421,-12435,-12448,-12461,-12475,-12488,-12501,
-12633,-12647,-12660,-12673,-12686,-12699,-12712,-12725,-12738,-12751,-12764,
-12892,-12904,-12917,-12930,-12942,-12955,-12968,-12980,-12993,-13005,-13018,
-13142,-13154,-13166,-13179,-13191,-13203,-13215,-13227,-13240,-13252,-13264,
-13384,-13396,-13407,-13419,-13431,-13443,-13455,-13466,-13478,-13490,-13501,
-13617,-13628,-13640,-13651,-13663,-13674,-13685,-13697,-13708,-13719,-13730,
-13842,-13853,-13864,-13875,-13886,-13897,-13907,-13918,-13929,-13940,-13951,
-14058,-14068,-14079,-14089,-14100,-14110,-14121,-14131,-14142,-14152,-14162,
-14265,-14275,-14285,-14295,-14305,-14315,-14325,-14335,-14345,-14355,-14365,
-14463,-14473,-14482,-14492,-14501,-14511,-14521,-14530,-14540,-14549,-14559,
-14652,-14661,-14670,-14679,-14689,-14698,-14707,-14716,-14725,-14734,-14743,
-14832,-14840,-14849,-14858,-14866,-14875,-14884,-14892,-14901,-14909,-14918,
-15002,-15010,-15018,-15027,-15035,-15043,-15051,-15059,-15067,-15076,-15084,
-15163,-15171,-15178,-15186,-15194,-15202,-15209,-15217,-15225,-15232,-15240,
-15314,-15321,-15329,-15336,-15343,-15350,-15358,-15365,-15372,-15379,-15386,
-15456,-15463,-15469,-15476,-15483,-15490,-15496,-15503,-15510,-15516,-15523,
-15588,-15594,-15600,-15606,-15613,-15619,-15625,-15631,-15638,-15644,-15650,
-15710,-15715,-15721,-15727,-15733,-15738,-15744,-15750,-15756,-15761,-15767,
-15822,-15827,-15832,-15838,-15843,-15848,-15853,-15858,-15864,-15869,-15874,
-15924,-15929,-15933,-15938,-15943,-15948,-15952,-15957,-15962,-15966,-15971,
-16016,-16020,-16024,-16029,-16033,-16037,-16041,-16045,-16050,-16054,-16058,
-16098,-16101,-16105,-16109,-16113,-16116,-16120,-16124,-16127,-16131,-16135,
-16169,-16173,-16176,-16179,-16182,-16186,-16189,-16192,-16195,-16198,-16201,
-16231,-16234,-16236,-16239,-16242,-16245,-16247,-16250,-16253,-16255,-16258,
-16282,-16284,-16287,-16289,-16291,-16293,-16295,-16298,-16300,-16302,-16304,
-16323,-16325,-16327,-16328,-16330,-16332,-16333,-16335,-16336,-16338,-16340,
-16354,-16355,-16356,-16357,-16359,-16360,-16361,-16362,-16363,-16364,-16365,
-16374,-16375,-16375,-16376,-16377,-16377,-16378,-16379,-16379,-16380,-16380,
-16384,-16384,-16384,-16384,-16385,-16385,-16385,-16385,-16385,-16385,-16385,
-16384,-16383,-16383,-16383,-16382,-16382,-16381,-16381,-16380,-16380,-16379,
-16373,-16372,-16371,-16370,-16369,-16368,-16368,-16367,-16366,-16365,-16364,
-16352,-16350,-16349,-16348,-16346,-16345,-16343,-16342,-16340,-16339,-16337,
-16320,-16318,-16317,-16315,-16313,-16311,-16309,-16307,-16305,-16303,-16301,
-16279,-16276,-16274,-16271,-16269,-16266,-16264,-16261,-16259,-16256,-16254,
-16227,-16224,-16221,-16218,-16215,-16212,-16209,-16206,-16203,-16200,-16197,
-16164,-16161,-16157,-16154,-16151,-16147,-16144,-16140,-16136,-16133,-16129,
-16092,-16088,-16084,-16080,-16076,-16072,-16068,-16064,-16060,-16056,-16052,
-16009,-16005,-16000,-15996,-15991,-15987,-15982,-15978,-15973,-15969,-15964,
-15916,-15911,-15907,-15902,-15897,-15892,-15887,-15882,-15876,-15871,-15866,
-15814,-15808,-15803,-15797,-15792,-15786,-15781,-15775,-15770,-15764,-15758,
-15701,-15695,-15689,-15683,-15677,-15671,-15665,-15659,-15653,-15647,-15641,
-15578,-15572,-15565,-15559,-15552,-15546,-15539,-15533,-15526,-15520,-15513,
-15445,-15439,-15432,-15425,-15418,-15411,-15404,-15397,-15390,-15383,-15375,
-15303,-15296,-15288,-15281,-15273,-15266,-15259,-15251,-15243,-15236,-15228,
-15151,-15143,-15135,-15127,-15120,-15112,-15104,-15096,-15088,-15080,-15072,
-14990,-14981,-14973,-14964,-14956,-14948,-14939,-14931,-14922,-14914,-14905,
-14818,-14810,-14801,-14792,-14783,-14774,-14765,-14756,-14747,-14738,-14729,
-14638,-14629,-14620,-14610,-14601,-14592,-14582,-14573,-14563,-14554,-14544,
-14448,-14439,-14429,-14419,-14409,-14400,-14390,-14380,-14370,-14360,-14350,
-14250,-14239,-14229,-14219,-14209,-14199,-14188,-14178,-14168,-14157,-14147,
-14042,-14031,-14021,-14010,-13999,-13989,-13978,-13967,-13956,-13945,-13935,
-13825,-13814,-13803,-13792,-13781,-13770,-13758,-13747,-13736,-13725,-13714,
-13600,-13588,-13577,-13565,-13554,-13542,-13530,-13519,-13507,-13496,-13484,
-13366,-13354,-13342,-13330,-13318,-13306,-13294,-13282,-13270,-13258,-13246,
-13123,-13111,-13099,-13086,-13074,-13061,-13049,-13037,-13024,-13012,-12999,
-12873,-12860,-12847,-12834,-12822,-12809,-12796,-12783,-12770,-12757,-12744,
-12614,-12601,-12587,-12574,-12561,-12548,-12535,-12521,-12508,-12495,-12481,
-12347,-12333,-12320,-12306,-12293,-12279,-12265,-12252,-12238,-12224,-12211,
-12072,-12058,-12044,-12030,-12016,-12002,-11988,-11974,-11960,-11946,-11932,
-11790,-11776,-11761,-11747,-11733,-11718,-11704,-11690,-11675,-11661,-11646,
-11500,-11486,-11471,-11456,-11442,-11427,-11412,-11397,-11382,-11368,-11353,
-11203,-11188,-11173,-11158,-11143,-11128,-11113,-11098,-11083,-11067,-11052,
-10899,-10884,-10869,-10853,-10838,-10822,-10807,-10791,-10776,-10760,-10745,
-10588,-10573,-10557,-10541,-10525,-10510,-10494,-10478,-10462,-10446,-10430,
-10271,-10255,-10239,-10223,-10206,-10190,-10174,-10158,-10142,-10126,-10110,
-9947,-9930,-9914,-9898,-9881,-9865,-9848,-9832,-9815,-9799,-9782,
-9616,-9600,-9583,-9566,-9549,-9533,-9516,-9499,-9482,-9466,-9449,
-9280,-9263,-9246,-9229,-9212,-9195,-9178,-9161,-9144,-9126,-9109,
-8937,-8920,-8903,-8886,-8868,-8851,-8834,-8816,-8799,-8782,-8764,
-8589,-8572,-8554,-8537,-8519,-8502,-8484,-8466,-8449,-8431,-8413,
-8236,-8218,-8200,-8183,-8165,-8147,-8129,-8111,-8093,-8075,-8057,
-7877,-7859,-7841,-7823,-7805,-7787,-7769,-7751,-7733,-7714,-7696,
-7514,-7496,-7477,-7459,-7441,-7422,-7404,-7385,-7367,-7349,-7330,
-7146,-7127,-7108,-7090,-7071,-7053,-7034,-7016,-6997,-6978,-6960,
-6773,-6754,-6735,-6716,-6698,-6679,-6660,-6641,-6622,-6603,-6585,
-6396,-6377,-6358,-6339,-6320,-6301,-6282,-6263,-6244,-6224,-6205,
-6014,-5995,-5976,-5957,-5938,-5918,-5899,-5880,-5861,-5842,-5822,
-5629,-5610,-5591,-5571,-5552,-5533,-5513,-5494,-5474,-5455,-5436,
-5241,-5221,-5202,-5182,-5163,-5143,-5124,-5104,-5084,-5065,-5045,
-4849,-4829,-4810,-4790,-4770,-4751,-4731,-4711,-4691,-4672,-4652,
-4454,-4434,-4414,-4395,-4375,-4355,-4335,-4315,-4295,-4275,-4256,
-4056,-4036,-4016,-3996,-3977,-3957,-3937,-3917,-3897,-3877,-3857,
-3656,-3636,-3616,-3596,-3576,-3556,-3536,-3515,-3495,-3475,-3455,
-3254,-3233,-3213,-3193,-3173,-3153,-3132,-3112,-3092,-3072,-3051,
-2849,-2829,-2808,-2788,-2768,-2747,-2727,-2707,-2686,-2666,-2646,
-2442,-2422,-2402,-2381,-2361,-2341,-2320,-2300,-2279,-2259,-2239,
-2034,-2014,-1994,-1973,-1953,-1932,-1912,-1891,-1871,-1850,-1830,
-1625,-1605,-1584,-1564,-1543,-1523,-1502,-1482,-1461,-1441,-1420,
-1215,-1194,-1174,-1153,-1133,-1112,-1092,-1071,-1051,-1030,-1009,
-804,-783,-763,-742,-722,-701,-680,-660,-639,-619,-598,
