     Nr.     Frequenz       Betrag        Phase  
     1       0.01591549     1.00759        4.04 
     2       0.01628288     1.00794        4.14 
     3       0.01665874     1.00831        4.24 
     4       0.01704328     1.00870        4.34 
     5       0.01743670     1.00911        4.44 
     6       0.01783920     1.00954        4.54 
     7       0.01825099     1.00999        4.65 
     8       0.01867228     1.01046        4.76 
     9       0.01910330     1.01095        4.87 
    10       0.01954427     1.01147        4.99 
    11       0.01999542     1.01201        5.11 
    12       0.02045698     1.01257        5.23 
    13       0.02092920     1.01316        5.35 
    14       0.02141231     1.01378        5.48 
    15       0.02190658     1.01443        5.61 
    16       0.02241226     1.01511        5.74 
    17       0.02292961     1.01582        5.88 
    18       0.02345891     1.01657        6.02 
    19       0.02400042     1.01735        6.16 
    20       0.02455443     1.01817        6.31 
    21       0.02512123     1.01903        6.46 
    22       0.02570111     1.01993        6.62 
    23       0.02629438     1.02087        6.78 
    24       0.02690135     1.02186        6.94 
    25       0.02752232     1.02289        7.11 
    26       0.02815763     1.02398        7.29 
    27       0.02880760     1.02511        7.46 
    28       0.02947258     1.02631        7.65 
    29       0.03015291     1.02755        7.83 
    30       0.03084894     1.02886        8.02 
    31       0.03156104     1.03023        8.22 
    32       0.03228957     1.03167        8.43 
    33       0.03303493     1.03318        8.63 
    34       0.03379748     1.03476        8.85 
    35       0.03457764     1.03642        9.07 
    36       0.03537581     1.03816        9.30 
    37       0.03619241     1.03998        9.53 
    38       0.03702785     1.04189        9.77 
    39       0.03788258     1.04390       10.02 
    40       0.03875704     1.04600       10.27 
    41       0.03965168     1.04821       10.53 
    42       0.04056698     1.05053       10.80 
    43       0.04150340     1.05296       11.08 
    44       0.04246144     1.05551       11.37 
    45       0.04344160     1.05819       11.66 
    46       0.04444438     1.06099       11.97 
    47       0.04547030     1.06394       12.29 
    48       0.04651991     1.06704       12.61 
    49       0.04759375     1.07029       12.95 
    50       0.04869238     1.07370       13.29 
    51       0.04981636     1.07729       13.65 
    52       0.05096629     1.08105       14.02 
    53       0.05214277     1.08501       14.41 
    54       0.05334640     1.08916       14.81 
    55       0.05457782     1.09353       15.22 
    56       0.05583766     1.09811       15.65 
    57       0.05712658     1.10293       16.09 
    58       0.05844526     1.10800       16.55 
    59       0.05979437     1.11332       17.03 
    60       0.06117463     1.11892       17.52 
    61       0.06258675     1.12480       18.04 
    62       0.06403146     1.13098       18.57 
    63       0.06550953     1.13748       19.13 
    64       0.06702171     1.14432       19.71 
    65       0.06856880     1.15150       20.32 
    66       0.07015160     1.15905       20.95 
    67       0.07177094     1.16699       21.62 
    68       0.07342765     1.17533       22.31 
    69       0.07512261     1.18410       23.03 
    70       0.07685670     1.19331       23.79 
    71       0.07863081     1.20298       24.58 
    72       0.08044588     1.21313       25.42 
    73       0.08230284     1.22379       26.30 
    74       0.08420267     1.23495       27.22 
    75       0.08614636     1.24665       28.19 
    76       0.08813491     1.25890       29.21 
    77       0.09016936     1.27170       30.29 
    78       0.09225077     1.28505       31.43 
    79       0.09438024     1.29897       32.63 
    80       0.09655885     1.31343       33.90 
    81       0.09878776     1.32841       35.25 
    82       0.10106812     1.34389       36.68 
    83       0.10340111     1.35982       38.20 
    84       0.10578796     1.37612       39.81 
    85       0.10822991     1.39270       41.53 
    86       0.11072822     1.40943       43.35 
    87       0.11328420     1.42616       45.28 
    88       0.11589919     1.44268       47.34 
    89       0.11857454     1.45873       49.53 
    90       0.12131164     1.47401       51.86 
    91       0.12411192     1.48815       54.33 
    92       0.12697685     1.50073       56.94 
    93       0.12990791     1.51125       59.71 
    94       0.13290662     1.51917       62.63 
    95       0.13597456     1.52392       65.70 
    96       0.13911331     1.52489       68.91 
    97       0.14232452     1.52150       72.26 
    98       0.14560986     1.51324       75.72 
    99       0.14897103     1.49966       79.29 
   100       0.15240978     1.48050       82.94 
   101       0.15592792     1.45565       86.65 
   102       0.15952727     1.42521       90.38 
   103       0.16320970     1.38949       94.11 
   104       0.16697713     1.34902       97.81 
   105       0.17083153     1.30446      101.45 
   106       0.17477490     1.25659      105.00 
   107       0.17880930     1.20625      108.44 
   108       0.18293683     1.15429      111.76 
   109       0.18715963     1.10149      114.94 
   110       0.19147991     1.04859      117.98 
   111       0.19589992     0.99619      120.87 
   112       0.20042196     0.94482      123.61 
   113       0.20504838     0.89487      126.19 
   114       0.20978159     0.84665      128.63 
   115       0.21462406     0.80037      130.93 
   116       0.21957832     0.75617      133.09 
   117       0.22464693     0.71411      135.12 
   118       0.22983254     0.67422      137.04 
   119       0.23513786     0.63648      138.83 
   120       0.24056564     0.60085      140.53 
   121       0.24611871     0.56726      142.12 
   122       0.25179997     0.53562      143.62 
   123       0.25761237     0.50585      145.03 
   124       0.26355894     0.47785      146.36 
   125       0.26964277     0.45154      147.62 
   126       0.27586705     0.42680      148.81 
   127       0.28223499     0.40354      149.94 
   128       0.28874994     0.38169      151.00 
   129       0.29541527     0.36113      152.02 
   130       0.30223446     0.34181      152.98 
   131       0.30921105     0.32363      153.89 
   132       0.31634870     0.30652      154.76 
   133       0.32365110     0.29041      155.58 
   134       0.33112207     0.27524      156.37 
   135       0.33876549     0.26095      157.12 
   136       0.34658535     0.24748      157.84 
   137       0.35458572     0.23477      158.52 
   138       0.36277076     0.22279      159.18 
   139       0.37114474     0.21147      159.81 
   140       0.37971202     0.20079      160.41 
   141       0.38847707     0.19069      160.98 
   142       0.39744444     0.18115      161.54 
   143       0.40218059     0.17641      161.82 
   144       0.40832443     0.17053      162.17 
   145       0.41836527     0.16156      162.71 
   146       0.42865302     0.15309      163.22 
   147       0.43919375     0.14511      163.72 
   148       0.44999368     0.13757      164.20 
   149       0.46105919     0.13046      164.66 
   150       0.47239680     0.12374      165.10 
   151       0.48401320     0.11739      165.53 
   152       0.49591526     0.11138      165.94 
   153       0.50810999     0.10571      166.34 
   154       0.52060460     0.10034      166.72 
   155       0.53340645     0.09526      167.09 
   156       0.54652310     0.09045      167.44 
   157       0.55996230     0.08589      167.79 
   158       0.57373197     0.08158      168.12 
   159       0.58784025     0.07750      168.44 
   160       0.60229545     0.07363      168.75 
   161       0.61710611     0.06996      169.05 
   162       0.63228097     0.06648      169.35 
   163       0.64782898     0.06318      169.63 
   164       0.66375933     0.06006      169.90 
   165       0.68008140     0.05709      170.17 
   166       0.69680485     0.05427      170.43 
   167       0.71393953     0.05160      170.67 
   168       0.73149555     0.04907      170.92 
   169       0.74948329     0.04666      171.15 
   170       0.76791335     0.04438      171.38 
   171       0.78679661     0.04221      171.60 
   172       0.80614422     0.04015      171.82 
   173       0.82596760     0.03819      172.03 
   174       0.84627843     0.03633      172.23 
   175       0.86708872     0.03456      172.43 
   176       0.88841074     0.03288      172.62 
   177       0.91025708     0.03129      172.80 
   178       0.93264062     0.02977      172.99 
   179       0.95557459     0.02833      173.16 
   180       0.97907251     0.02696      173.33 
   181       1.00314825     0.02566      173.50 
   182       1.02781602     0.02442      173.66 
   183       1.05309039     0.02324      173.82 
   184       1.07898625     0.02212      173.97 
   185       1.10551891     0.02105      174.12 
   186       1.13270401     0.02004      174.27 
   187       1.16055761     0.01908      174.41 
   188       1.18909613     0.01816      174.55 
   189       1.21833643     0.01729      174.69 
   190       1.24829576     0.01646      174.82 
   191       1.27899179     0.01567      174.94 
   192       1.31044266     0.01492      175.07 
   193       1.34266691     0.01420      175.19 
   194       1.37568357     0.01352      175.31 
   195       1.40951211     0.01287      175.42 
   196       1.44417252     0.01226      175.53 
   197       1.47968524     0.01167      175.64 
   198       1.51607122     0.01111      175.75 
   199       1.55335195     0.01058      175.85 
   200       1.59154943     0.01008      175.96 
